  0.00000000E+00 -0.22605772E+01
  0.17114102E-01 -0.22597325E+01
  0.34228205E-01 -0.22572004E+01
  0.51342307E-01 -0.22529871E+01
  0.68456410E-01 -0.22471024E+01
  0.85570512E-01 -0.22395583E+01
  0.10268461E+00 -0.22303686E+01
  0.11979872E+00 -0.22195469E+01
  0.13691282E+00 -0.22071056E+01
  0.15402692E+00 -0.21930551E+01
  0.17114102E+00 -0.21774023E+01
  0.18825513E+00 -0.21601507E+01
  0.20536923E+00 -0.21413000E+01
  0.22248333E+00 -0.21208462E+01
  0.23959743E+00 -0.20987825E+01
  0.25671154E+00 -0.20751000E+01
  0.27382564E+00 -0.20497888E+01
  0.29093974E+00 -0.20228392E+01
  0.30805384E+00 -0.19942422E+01
  0.32516795E+00 -0.19639908E+01
  0.34228205E+00 -0.19320805E+01
  0.35939615E+00 -0.18985089E+01
  0.37651025E+00 -0.18632762E+01
  0.39362436E+00 -0.18263841E+01
  0.41073846E+00 -0.17878354E+01
  0.42785256E+00 -0.17476328E+01
  0.44496666E+00 -0.17057780E+01
  0.46208077E+00 -0.16622703E+01
  0.47919487E+00 -0.16171064E+01
  0.49630897E+00 -0.15702791E+01
  0.51342307E+00 -0.15217778E+01
  0.53053718E+00 -0.14715878E+01
  0.54765128E+00 -0.14196913E+01
  0.56476538E+00 -0.13660679E+01
  0.58187948E+00 -0.13106954E+01
  0.59899359E+00 -0.12535511E+01
  0.61610769E+00 -0.11946123E+01
  0.63322179E+00 -0.11338574E+01
  0.65033589E+00 -0.10712667E+01
  0.66745000E+00 -0.10068222E+01
  0.68456410E+00 -0.94050772E+00
  0.70167820E+00 -0.87230893E+00
  0.71879230E+00 -0.80221238E+00
  0.73590641E+00 -0.73020504E+00
  0.75302051E+00 -0.65627349E+00
  0.77013461E+00 -0.58040328E+00
  0.78724871E+00 -0.50257847E+00
  0.80436282E+00 -0.42278147E+00
  0.82147692E+00 -0.34099318E+00
  0.83859102E+00 -0.25719358E+00
  0.85570512E+00 -0.17136273E+00
  0.87281923E+00 -0.83482084E-01
  0.88993333E+00  0.64639213E-02
  0.90704743E+00  0.98486122E-01
  0.92416153E+00  0.19258890E+00
  0.94127564E+00  0.28876864E+00
  0.95838974E+00  0.38701249E+00
  0.97550384E+00  0.48729765E+00
  0.99261794E+00  0.58959116E+00
  0.10097320E+01  0.69385035E+00
  0.10268461E+01  0.80002382E+00
  0.10439603E+01  0.90805304E+00
  0.10610744E+01  0.10178743E+01
  0.10781885E+01  0.11294208E+01
  0.10953026E+01  0.12426250E+01
  0.11124167E+01  0.13574205E+01
  0.11295308E+01  0.14737440E+01
  0.11466449E+01  0.15915359E+01
  0.11637590E+01  0.17107411E+01
  0.11808731E+01  0.18313083E+01
  0.11979872E+01  0.19531886E+01
  0.12151013E+01  0.20763334E+01
  0.12322154E+01  0.22006915E+01
  0.12493295E+01  0.23262060E+01
  0.12664436E+01  0.24528111E+01
  0.12835577E+01  0.25804286E+01
  0.13006718E+01  0.27089661E+01
  0.13177859E+01  0.28383153E+01
  0.13349000E+01  0.29683515E+01
  0.13520141E+01  0.30989344E+01
  0.13691282E+01  0.32299099E+01
  0.13862423E+01  0.33611126E+01
  0.14033564E+01  0.34923681E+01
  0.14204705E+01  0.36234956E+01
  0.14375846E+01  0.37543098E+01
  0.14546987E+01  0.38846209E+01
  0.14718128E+01  0.40142331E+01
  0.14889269E+01  0.41429409E+01
  0.15060410E+01  0.42705221E+01
  0.15231551E+01  0.43967265E+01
  0.15402692E+01  0.45212596E+01
  0.15573833E+01  0.46437569E+01
  0.15744974E+01  0.47637443E+01
  0.15916115E+01  0.48805753E+01
  0.16087256E+01  0.49933245E+01
  0.16258397E+01  0.51006049E+01
  0.16429538E+01  0.52002486E+01
  0.16600679E+01  0.52887857E+01
  0.16771820E+01  0.53607922E+01
  0.16942961E+01  0.54089005E+01
  0.17114102E+01  0.54265033E+01
  0.17285244E+01  0.54104302E+01
  0.17456385E+01  0.53696675E+01
  0.17627526E+01  0.53131569E+01
  0.17798667E+01  0.52474488E+01
  0.17969808E+01  0.51765978E+01
  0.18140949E+01  0.51030307E+01
  0.18312090E+01  0.50282332E+01
  0.18483231E+01  0.49531546E+01
  0.18654372E+01  0.48784296E+01
  0.18825513E+01  0.48045006E+01
  0.18996654E+01  0.47316847E+01
  0.19167795E+01  0.46602126E+01
  0.19338936E+01  0.45902515E+01
  0.19510077E+01  0.45219203E+01
  0.19681218E+01  0.44552996E+01
  0.19852359E+01  0.43904404E+01
  0.20023500E+01  0.43273719E+01
  0.20194641E+01  0.42661073E+01
  0.20365782E+01  0.42066506E+01
  0.20536923E+01  0.41490004E+01
  0.20708064E+01  0.40931540E+01
  0.20879205E+01  0.40391095E+01
  0.21050346E+01  0.39868670E+01
  0.21221487E+01  0.39364286E+01
  0.21392628E+01  0.38877984E+01
  0.21563769E+01  0.38409817E+01
  0.21734910E+01  0.37959842E+01
  0.21906051E+01  0.37528116E+01
  0.22077192E+01  0.37114695E+01
  0.22248333E+01  0.36719625E+01
  0.22419474E+01  0.36342951E+01
  0.22590615E+01  0.35984709E+01
  0.22761756E+01  0.35644936E+01
  0.22932897E+01  0.35323669E+01
  0.23104038E+01  0.35020947E+01
  0.23275179E+01  0.34736823E+01
  0.23446320E+01  0.34471362E+01
  0.23617461E+01  0.34224649E+01
  0.23788602E+01  0.33996792E+01
  0.23959743E+01  0.33787925E+01
  0.24130885E+01  0.33598203E+01
  0.24302026E+01  0.33427800E+01
  0.24473167E+01  0.33276899E+01
  0.24644308E+01  0.33145685E+01
  0.24815449E+01  0.33034333E+01
  0.24986590E+01  0.32943001E+01
  0.25157731E+01  0.32871823E+01
  0.25328872E+01  0.32820906E+01
  0.25500013E+01  0.32790325E+01
  0.25671154E+01  0.32780126E+01
  0.25841515E+01  0.32689584E+01
  0.26011875E+01  0.32423992E+01
  0.26182236E+01  0.31999332E+01
  0.26352597E+01  0.31436797E+01
  0.26522958E+01  0.30758348E+01
  0.26693319E+01  0.29984115E+01
  0.26863680E+01  0.29131465E+01
  0.27034041E+01  0.28215015E+01
  0.27204402E+01  0.27247008E+01
  0.27374762E+01  0.26237730E+01
  0.27545123E+01  0.25195866E+01
  0.27715484E+01  0.24128770E+01
  0.27885845E+01  0.23042659E+01
  0.28056206E+01  0.21942753E+01
  0.28226567E+01  0.20833381E+01
  0.28396928E+01  0.19718077E+01
  0.28567289E+01  0.18599664E+01
  0.28737649E+01  0.17480355E+01
  0.28908010E+01  0.16361857E+01
  0.29078371E+01  0.15245481E+01
  0.29248732E+01  0.14132272E+01
  0.29419093E+01  0.13023126E+01
  0.29589454E+01  0.11918906E+01
  0.29759815E+01  0.10820551E+01
  0.29930176E+01  0.97291530E+00
  0.30100536E+01  0.86460145E+00
  0.30270897E+01  0.75726708E+00
  0.30441258E+01  0.65108786E+00
  0.30611619E+01  0.54625745E+00
  0.30781980E+01  0.44298044E+00
  0.30952341E+01  0.34146338E+00
  0.31122702E+01  0.24190480E+00
  0.31293062E+01  0.14448515E+00
  0.31463423E+01  0.49357816E-01
  0.31633784E+01 -0.43357965E-01
  0.31804145E+01 -0.13358160E+00
  0.31974506E+01 -0.22127272E+00
  0.32144867E+01 -0.30642974E+00
  0.32315228E+01 -0.38908577E+00
  0.32485589E+01 -0.46930238E+00
  0.32655949E+01 -0.54716193E+00
  0.32826310E+01 -0.62275937E+00
  0.32996671E+01 -0.69619424E+00
  0.33167032E+01 -0.76756365E+00
  0.33337393E+01 -0.83695669E+00
  0.33507754E+01 -0.90445072E+00
  0.33678115E+01 -0.97010944E+00
  0.33848476E+01 -0.10339828E+01
  0.34018836E+01 -0.10961084E+01
  0.34189197E+01 -0.11565140E+01
  0.34359558E+01 -0.12152201E+01
  0.34529919E+01 -0.12722436E+01
  0.34700280E+01 -0.13276002E+01
  0.34870641E+01 -0.13813065E+01
  0.35041002E+01 -0.14333811E+01
  0.35211362E+01 -0.14838450E+01
  0.35381723E+01 -0.15327201E+01
  0.35552084E+01 -0.15800283E+01
  0.35722445E+01 -0.16257892E+01
  0.35892806E+01 -0.16700177E+01
  0.36063167E+01 -0.17127227E+01
  0.36233528E+01 -0.17539051E+01
  0.36403889E+01 -0.17935581E+01
  0.36574249E+01 -0.18316671E+01
  0.36744610E+01 -0.18682117E+01
  0.36914971E+01 -0.19031673E+01
  0.37085332E+01 -0.19365086E+01
  0.37255693E+01 -0.19682119E+01
  0.37426054E+01 -0.19982579E+01
  0.37596415E+01 -0.20266340E+01
  0.37766776E+01 -0.20533353E+01
  0.37937136E+01 -0.20783649E+01
  0.38107497E+01 -0.21017332E+01
  0.38277858E+01 -0.21234561E+01
  0.38448219E+01 -0.21435529E+01
  0.38618580E+01 -0.21620434E+01
  0.38788941E+01 -0.21789454E+01
  0.38959302E+01 -0.21942720E+01
  0.39129663E+01 -0.22080303E+01
  0.39300023E+01 -0.22202204E+01
  0.39470384E+01 -0.22308355E+01
  0.39640745E+01 -0.22398626E+01
  0.39811106E+01 -0.22472850E+01
  0.39981467E+01 -0.22530840E+01
  0.40151828E+01 -0.22572414E+01
  0.40322189E+01 -0.22597424E+01
  0.40492549E+01 -0.22605772E+01
  0.40661251E+01 -0.22592592E+01
  0.40829952E+01 -0.22553073E+01
  0.40998653E+01 -0.22487291E+01
  0.41167355E+01 -0.22395371E+01
  0.41336056E+01 -0.22277494E+01
  0.41504757E+01 -0.22133901E+01
  0.41673459E+01 -0.21964900E+01
  0.41842160E+01 -0.21770873E+01
  0.42010861E+01 -0.21552282E+01
  0.42179563E+01 -0.21309683E+01
  0.42348264E+01 -0.21043735E+01
  0.42516965E+01 -0.20755210E+01
  0.42685667E+01 -0.20445013E+01
  0.42854368E+01 -0.20114192E+01
  0.43023069E+01 -0.19763968E+01
  0.43191771E+01 -0.19395758E+01
  0.43360472E+01 -0.19011221E+01
  0.43529173E+01 -0.18612316E+01
  0.43697875E+01 -0.18201399E+01
  0.43866576E+01 -0.17781372E+01
  0.44035277E+01 -0.17355941E+01
  0.44203979E+01 -0.16930044E+01
  0.44372680E+01 -0.16510630E+01
  0.44541381E+01 -0.16108033E+01
  0.44710082E+01 -0.15738372E+01
  0.44878784E+01 -0.15427107E+01
  0.45047485E+01 -0.15211512E+01
  0.45216186E+01 -0.15133016E+01
  0.45387327E+01 -0.15123546E+01
  0.45558468E+01 -0.15095168E+01
  0.45729610E+01 -0.15047965E+01
  0.45900751E+01 -0.14982072E+01
  0.46071892E+01 -0.14897656E+01
  0.46243033E+01 -0.14794909E+01
  0.46414174E+01 -0.14674023E+01
  0.46585315E+01 -0.14535180E+01
  0.46756456E+01 -0.14378535E+01
  0.46927597E+01 -0.14204205E+01
  0.47098738E+01 -0.14012265E+01
  0.47269879E+01 -0.13802743E+01
  0.47441020E+01 -0.13575628E+01
  0.47612161E+01 -0.13330875E+01
  0.47783302E+01 -0.13068416E+01
  0.47954443E+01 -0.12788176E+01
  0.48125584E+01 -0.12490079E+01
  0.48296725E+01 -0.12174064E+01
  0.48467866E+01 -0.11840089E+01
  0.48639007E+01 -0.11488137E+01
  0.48810148E+01 -0.11118211E+01
  0.48981289E+01 -0.10730331E+01
  0.49152430E+01 -0.10324524E+01
  0.49323571E+01 -0.99008124E+00
  0.49494712E+01 -0.94592016E+00
  0.49665853E+01 -0.89996704E+00
  0.49836994E+01 -0.85221620E+00
  0.50008135E+01 -0.80265809E+00
  0.50179276E+01 -0.75127952E+00
  0.50350417E+01 -0.69806445E+00
  0.50521558E+01 -0.64299538E+00
  0.50692699E+01 -0.58605526E+00
  0.50863840E+01 -0.52722962E+00
  0.51034981E+01 -0.46650891E+00
  0.51206122E+01 -0.40389059E+00
  0.51377263E+01 -0.33938088E+00
  0.51548404E+01 -0.27299589E+00
  0.51719545E+01 -0.20476194E+00
  0.51890686E+01 -0.13471502E+00
  0.52061827E+01 -0.62899357E-01
  0.52232968E+01  0.10634775E-01
  0.52404109E+01  0.85833831E-01
  0.52575251E+01  0.16264413E+00
  0.52746392E+01  0.24101500E+00
  0.52917533E+01  0.32090165E+00
  0.53088674E+01  0.40226745E+00
  0.53259815E+01  0.48508537E+00
  0.53430956E+01  0.56933834E+00
  0.53602097E+01  0.65501863E+00
  0.53773238E+01  0.74212603E+00
  0.53944379E+01  0.83066514E+00
  0.54115520E+01  0.92064204E+00
  0.54286661E+01  0.10120605E+01
  0.54457802E+01  0.11049185E+01
  0.54628943E+01  0.11992049E+01
  0.54800084E+01  0.12948973E+01
  0.54971225E+01  0.13919609E+01
  0.55142366E+01  0.14903492E+01
  0.55313507E+01  0.15900054E+01
  0.55484648E+01  0.16908662E+01
  0.55655789E+01  0.17928657E+01
  0.55826930E+01  0.18959412E+01
  0.55998071E+01  0.20000379E+01
  0.56169212E+01  0.21051142E+01
  0.56340353E+01  0.22111450E+01
  0.56511494E+01  0.23181246E+01
  0.56682635E+01  0.24260663E+01
  0.56853776E+01  0.25350007E+01
  0.57024917E+01  0.26449715E+01
  0.57196058E+01  0.27560298E+01
  0.57367199E+01  0.28682265E+01
  0.57538340E+01  0.29816036E+01
  0.57709481E+01  0.30961855E+01
  0.57880622E+01  0.32119702E+01
  0.58051763E+01  0.33289214E+01
  0.58222904E+01  0.34469621E+01
  0.58394045E+01  0.35659686E+01
  0.58565186E+01  0.36857663E+01
  0.58736327E+01  0.38061228E+01
  0.58907468E+01  0.39267340E+01
  0.59078609E+01  0.40471887E+01
  0.59249750E+01  0.41668985E+01
  0.59420892E+01  0.42850868E+01
  0.59592033E+01  0.44012495E+01
  0.59763174E+01  0.45157079E+01
  0.59934315E+01  0.46290573E+01
  0.60105456E+01  0.47416340E+01
  0.60276597E+01  0.48535488E+01
  0.60447738E+01  0.49647951E+01
  0.60618879E+01  0.50753047E+01
  0.60790020E+01  0.51849682E+01
  0.60961161E+01  0.52936383E+01
  0.61132302E+01  0.54011165E+01
  0.61303443E+01  0.55071071E+01
  0.61474584E+01  0.56110898E+01
  0.61645725E+01  0.57120551E+01
  0.61816866E+01  0.58085868E+01
  0.61988007E+01  0.59001326E+01
  0.62159148E+01  0.59871021E+01
  0.62330289E+01  0.60693322E+01
  0.62501430E+01  0.59916984E+01
  0.62672571E+01  0.59035601E+01
  0.62843712E+01  0.58155953E+01
  0.63014853E+01  0.57285133E+01
  0.63185994E+01  0.56426036E+01
  0.63357135E+01  0.55580720E+01
  0.63528276E+01  0.54750955E+01
  0.63699417E+01  0.53938351E+01
  0.63870558E+01  0.53144372E+01
  0.64041699E+01  0.52370302E+01
  0.64212840E+01  0.51617191E+01
  0.64383981E+01  0.50885809E+01
  0.64555122E+01  0.50176599E+01
  0.64726263E+01  0.49489669E+01
  0.64897404E+01  0.48824797E+01
  0.65068545E+01  0.48181464E+01
  0.65239686E+01  0.47558910E+01
  0.65410827E+01  0.46956206E+01
  0.65581968E+01  0.46372329E+01
  0.65753109E+01  0.45806252E+01
  0.65924250E+01  0.45257045E+01
  0.66095391E+01  0.44723994E+01
  0.66266533E+01  0.44206725E+01
  0.66437674E+01  0.43705271E+01
  0.66608815E+01  0.43220029E+01
  0.66779956E+01  0.42751613E+01
  0.66951097E+01  0.42300672E+01
  0.67122238E+01  0.41867767E+01
  0.67293379E+01  0.41453312E+01
  0.67464520E+01  0.41057564E+01
  0.67635661E+01  0.40680633E+01
  0.67806802E+01  0.40322495E+01
  0.67977943E+01  0.39983002E+01
  0.68149084E+01  0.39661903E+01
  0.68320225E+01  0.39358880E+01
  0.68491366E+01  0.39073614E+01
  0.68662507E+01  0.38805876E+01
  0.68833648E+01  0.38555615E+01
  0.69004789E+01  0.38322993E+01
  0.69175930E+01  0.38108363E+01
  0.69347071E+01  0.37912196E+01
  0.69518212E+01  0.37735017E+01
  0.69689353E+01  0.37577351E+01
  0.69860494E+01  0.37439691E+01
  0.70031635E+01  0.37322473E+01
  0.70202776E+01  0.37226071E+01
  0.70373917E+01  0.37150788E+01
  0.70545058E+01  0.37096853E+01
  0.70716199E+01  0.37064429E+01
  0.70887340E+01  0.37053611E+01
  0.71057701E+01  0.37003437E+01
  0.71228062E+01  0.36853492E+01
  0.71398423E+01  0.36605464E+01
  0.71568784E+01  0.36262042E+01
  0.71739145E+01  0.35826825E+01
  0.71909505E+01  0.35304429E+01
  0.72079866E+01  0.34701022E+01
  0.72250227E+01  0.34024918E+01
  0.72420588E+01  0.33286166E+01
  0.72590949E+01  0.32495071E+01
  0.72761310E+01  0.31660892E+01
  0.72931671E+01  0.30791275E+01
  0.73102032E+01  0.29892050E+01
  0.73272392E+01  0.28967151E+01
  0.73442753E+01  0.28018977E+01
  0.73613114E+01  0.27049818E+01
  0.73783475E+01  0.26063503E+01
  0.73953836E+01  0.25065193E+01
  0.74124197E+01  0.24060010E+01
  0.74294558E+01  0.23052277E+01
  0.74464918E+01  0.22045414E+01
  0.74635279E+01  0.21042061E+01
  0.74805640E+01  0.20044203E+01
  0.74976001E+01  0.19053295E+01
  0.75146362E+01  0.18070356E+01
  0.75316723E+01  0.17096068E+01
  0.75487084E+01  0.16130855E+01
  0.75657445E+01  0.15174961E+01
  0.75827805E+01  0.14228515E+01
  0.75998166E+01  0.13291592E+01
  0.76168527E+01  0.12364258E+01
  0.76338888E+01  0.11446611E+01
  0.76509249E+01  0.10538808E+01
  0.76679610E+01  0.96410904E+00
  0.76849971E+01  0.87537916E+00
  0.77020332E+01  0.78773462E+00
  0.77190692E+01  0.70122864E+00
  0.77361053E+01  0.61592340E+00
  0.77531414E+01  0.53188861E+00
  0.77701775E+01  0.44919945E+00
  0.77872136E+01  0.36793406E+00
  0.78042497E+01  0.28817065E+00
  0.78212858E+01  0.20998430E+00
  0.78383218E+01  0.13344384E+00
  0.78553579E+01  0.58608820E-01
  0.78723940E+01 -0.14473088E-01
  0.78894301E+01 -0.85768016E-01
  0.79064662E+01 -0.15525700E+00
  0.79235023E+01 -0.22293612E+00
  0.79405384E+01 -0.28881558E+00
  0.79575745E+01 -0.35291777E+00
  0.79746105E+01 -0.41527450E+00
  0.79916466E+01 -0.47592343E+00
  0.80086827E+01 -0.53490420E+00
  0.80257188E+01 -0.59225436E+00
  0.80427549E+01 -0.64800552E+00
  0.80597910E+01 -0.70218008E+00
  0.80768271E+01 -0.75478872E+00
  0.80938632E+01 -0.80582898E+00
  0.81108992E+01 -0.85528491E+00
  0.81279353E+01 -0.90312803E+00
  0.81449714E+01 -0.94931935E+00
  0.81620075E+01 -0.99381235E+00
  0.81790436E+01 -0.10365567E+01
  0.81960797E+01 -0.10775023E+01
  0.82131158E+01 -0.11166034E+01
  0.82301519E+01 -0.11538222E+01
  0.82471879E+01 -0.11891317E+01
  0.82642240E+01 -0.12225178E+01
  0.82812601E+01 -0.12539799E+01
  0.82982962E+01 -0.12835298E+01
  0.83153323E+01 -0.13111905E+01
  0.83323684E+01 -0.13369928E+01
  0.83494045E+01 -0.13609721E+01
  0.83664405E+01 -0.13831637E+01
  0.83834766E+01 -0.14036000E+01
  0.84005127E+01 -0.14223061E+01
  0.84175488E+01 -0.14392982E+01
  0.84345849E+01 -0.14545816E+01
  0.84516210E+01 -0.14681510E+01
  0.84686571E+01 -0.14799912E+01
  0.84856932E+01 -0.14900795E+01
  0.85027292E+01 -0.14983885E+01
  0.85197653E+01 -0.15048892E+01
  0.85368014E+01 -0.15095548E+01
  0.85538375E+01 -0.15123637E+01
  0.85708736E+01 -0.15133016E+01
  
  0.00000000E+00 -0.45091310E+00
  0.17114102E-01 -0.45002021E+00
  0.34228205E-01 -0.44734222E+00
  0.51342307E-01 -0.44288104E+00
  0.68456410E-01 -0.43663949E+00
  0.85570512E-01 -0.42862088E+00
  0.10268461E+00 -0.41882837E+00
  0.11979872E+00 -0.40726442E+00
  0.13691282E+00 -0.39393030E+00
  0.15402692E+00 -0.37882574E+00
  0.17114102E+00 -0.36194880E+00
  0.18825513E+00 -0.34329602E+00
  0.20536923E+00 -0.32286285E+00
  0.22248333E+00 -0.30064428E+00
  0.23959743E+00 -0.27663572E+00
  0.25671154E+00 -0.25083388E+00
  0.27382564E+00 -0.22323772E+00
  0.29093974E+00 -0.19384921E+00
  0.30805384E+00 -0.16267383E+00
  0.32516795E+00 -0.12972082E+00
  0.34228205E+00 -0.95002955E-01
  0.35939615E+00 -0.58536016E-01
  0.37651025E+00 -0.20337815E-01
  0.39362436E+00  0.19573008E-01
  0.41073846E+00  0.61178382E-01
  0.42785256E+00  0.10446225E+00
  0.44496666E+00  0.14941186E+00
  0.46208077E+00  0.19601885E+00
  0.47919487E+00  0.24427989E+00
  0.49630897E+00  0.29419681E+00
  0.51342307E+00  0.34577626E+00
  0.53053718E+00  0.39902872E+00
  0.54765128E+00  0.45396712E+00
  0.56476538E+00  0.51060497E+00
  0.58187948E+00  0.56895440E+00
  0.59899359E+00  0.62902402E+00
  0.61610769E+00  0.69081705E+00
  0.63322179E+00  0.75432979E+00
  0.65033589E+00  0.81955060E+00
  0.66745000E+00  0.88645954E+00
  0.68456410E+00  0.95502878E+00
  0.70167820E+00  0.10252236E+01
  0.71879230E+00  0.10970041E+01
  0.73590641E+00  0.11703274E+01
  0.75302051E+00  0.12451499E+01
  0.77013461E+00  0.13214300E+01
  0.78724871E+00  0.13991298E+01
  0.80436282E+00  0.14782170E+01
  0.82147692E+00  0.15586660E+01
  0.83859102E+00  0.16404578E+01
  0.85570512E+00  0.17235796E+01
  0.87281923E+00  0.18080232E+01
  0.88993333E+00  0.18937826E+01
  0.90704743E+00  0.19808519E+01
  0.92416153E+00  0.20692222E+01
  0.94127564E+00  0.21588787E+01
  0.95838974E+00  0.22497988E+01
  0.97550384E+00  0.23419504E+01
  0.99261794E+00  0.24352906E+01
  0.10097320E+01  0.25297665E+01
  0.10268461E+01  0.26253159E+01
  0.10439603E+01  0.27218695E+01
  0.10610744E+01  0.28193533E+01
  0.10781885E+01  0.29176921E+01
  0.10953026E+01  0.30168120E+01
  0.11124167E+01  0.31166438E+01
  0.11295308E+01  0.32171246E+01
  0.11466449E+01  0.33181993E+01
  0.11637590E+01  0.34198207E+01
  0.11808731E+01  0.35219485E+01
  0.11979872E+01  0.36245468E+01
  0.12151013E+01  0.37275814E+01
  0.12322154E+01  0.38310159E+01
  0.12493295E+01  0.39348072E+01
  0.12664436E+01  0.40389013E+01
  0.12835577E+01  0.41432292E+01
  0.13006718E+01  0.42477036E+01
  0.13177859E+01  0.43522155E+01
  0.13349000E+01  0.44566331E+01
  0.13520141E+01  0.45608009E+01
  0.13691282E+01  0.46645398E+01
  0.13862423E+01  0.47676493E+01
  0.14033564E+01  0.48699091E+01
  0.14204705E+01  0.49710825E+01
  0.14375846E+01  0.50709182E+01
  0.14546987E+01  0.51691528E+01
  0.14718128E+01  0.52655103E+01
  0.14889269E+01  0.53596999E+01
  0.15060410E+01  0.54514088E+01
  0.15231551E+01  0.55402902E+01
  0.15402692E+01  0.56259436E+01
  0.15573833E+01  0.57078843E+01
  0.15744974E+01  0.57854993E+01
  0.15916115E+01  0.58579825E+01
  0.16087256E+01  0.59242438E+01
  0.16258397E+01  0.59827829E+01
  0.16429538E+01  0.60315057E+01
  0.16600679E+01  0.60672855E+01
  0.16771820E+01  0.60832887E+01
  0.16942961E+01  0.60723202E+01
  0.17114102E+01  0.60616973E+01
  0.17285244E+01  0.60523718E+01
  0.17456385E+01  0.60155166E+01
  0.17627526E+01  0.59646769E+01
  0.17798667E+01  0.59057256E+01
  0.17969808E+01  0.58416445E+01
  0.18140949E+01  0.57743530E+01
  0.18312090E+01  0.57051671E+01
  0.18483231E+01  0.56350170E+01
  0.18654372E+01  0.55645789E+01
  0.18825513E+01  0.54943577E+01
  0.18996654E+01  0.54247391E+01
  0.19167795E+01  0.53560232E+01
  0.19338936E+01  0.52884451E+01
  0.19510077E+01  0.52221889E+01
  0.19681218E+01  0.51573971E+01
  0.19852359E+01  0.50941777E+01
  0.20023500E+01  0.50326108E+01
  0.20194641E+01  0.49727536E+01
  0.20365782E+01  0.49146457E+01
  0.20536923E+01  0.48583132E+01
  0.20708064E+01  0.48037724E+01
  0.20879205E+01  0.47510325E+01
  0.21050346E+01  0.47000976E+01
  0.21221487E+01  0.46509680E+01
  0.21392628E+01  0.46036414E+01
  0.21563769E+01  0.45581136E+01
  0.21734910E+01  0.45143792E+01
  0.21906051E+01  0.44724329E+01
  0.22077192E+01  0.44322703E+01
  0.22248333E+01  0.43938888E+01
  0.22419474E+01  0.43572880E+01
  0.22590615E+01  0.43224707E+01
  0.22761756E+01  0.42894421E+01
  0.22932897E+01  0.42582105E+01
  0.23104038E+01  0.42287863E+01
  0.23275179E+01  0.42011818E+01
  0.23446320E+01  0.41754107E+01
  0.23617461E+01  0.41514879E+01
  0.23788602E+01  0.41294285E+01
  0.23959743E+01  0.41092477E+01
  0.24130885E+01  0.40909599E+01
  0.24302026E+01  0.40745782E+01
  0.24473167E+01  0.40601133E+01
  0.24644308E+01  0.40475734E+01
  0.24815449E+01  0.40369633E+01
  0.24986590E+01  0.40282853E+01
  0.25157731E+01  0.40215392E+01
  0.25328872E+01  0.40167230E+01
  0.25500013E+01  0.40138346E+01
  0.25671154E+01  0.40128720E+01
  0.25841515E+01  0.40135719E+01
  0.26011875E+01  0.40151134E+01
  0.26182236E+01  0.40160393E+01
  0.26352597E+01  0.40144842E+01
  0.26522958E+01  0.40086397E+01
  0.26693319E+01  0.39970349E+01
  0.26863680E+01  0.39786407E+01
  0.27034041E+01  0.39528659E+01
  0.27204402E+01  0.39195037E+01
  0.27374762E+01  0.38786589E+01
  0.27545123E+01  0.38306729E+01
  0.27715484E+01  0.37760533E+01
  0.27885845E+01  0.37154122E+01
  0.28056206E+01  0.36494157E+01
  0.28226567E+01  0.35787427E+01
  0.28396928E+01  0.35040555E+01
  0.28567289E+01  0.34259786E+01
  0.28737649E+01  0.33450851E+01
  0.28908010E+01  0.32618897E+01
  0.29078371E+01  0.31768471E+01
  0.29248732E+01  0.30903526E+01
  0.29419093E+01  0.30027477E+01
  0.29589454E+01  0.29143249E+01
  0.29759815E+01  0.28253357E+01
  0.29930176E+01  0.27359971E+01
  0.30100536E+01  0.26464987E+01
  0.30270897E+01  0.25570085E+01
  0.30441258E+01  0.24676785E+01
  0.30611619E+01  0.23786478E+01
  0.30781980E+01  0.22900459E+01
  0.30952341E+01  0.22019944E+01
  0.31122702E+01  0.21146076E+01
  0.31293062E+01  0.20279930E+01
  0.31463423E+01  0.19422510E+01
  0.31633784E+01  0.18574745E+01
  0.31804145E+01  0.17737485E+01
  0.31974506E+01  0.16911500E+01
  0.32144867E+01  0.16097474E+01
  0.32315228E+01  0.15296013E+01
  0.32485589E+01  0.14507646E+01
  0.32655949E+01  0.13732833E+01
  0.32826310E+01  0.12971975E+01
  0.32996671E+01  0.12225422E+01
  0.33167032E+01  0.11493483E+01
  0.33337393E+01  0.10776433E+01
  0.33507754E+01  0.10074520E+01
  0.33678115E+01  0.93879637E+00
  0.33848476E+01  0.87169601E+00
  0.34018836E+01  0.80616753E+00
  0.34189197E+01  0.74222443E+00
  0.34359558E+01  0.67987672E+00
  0.34529919E+01  0.61913083E+00
  0.34700280E+01  0.55998977E+00
  0.34870641E+01  0.50245359E+00
  0.35041002E+01  0.44652034E+00
  0.35211362E+01  0.39218714E+00
  0.35381723E+01  0.33945165E+00
  0.35552084E+01  0.28831340E+00
  0.35722445E+01  0.23877510E+00
  0.35892806E+01  0.19084363E+00
  0.36063167E+01  0.14453058E+00
  0.36233528E+01  0.99852260E-01
  0.36403889E+01  0.56829220E-01
  0.36574249E+01  0.15485141E-01
  0.36744610E+01 -0.24154644E-01
  0.36914971E+01 -0.62064938E-01
  0.37085332E+01 -0.98222574E-01
  0.37255693E+01 -0.13260819E+00
  0.37426054E+01 -0.16520770E+00
  0.37596415E+01 -0.19601322E+00
  0.37766776E+01 -0.22502342E+00
  0.37937136E+01 -0.25224314E+00
  0.38107497E+01 -0.27768231E+00
  0.38277858E+01 -0.30135440E+00
  0.38448219E+01 -0.32327442E+00
  0.38618580E+01 -0.34345678E+00
  0.38788941E+01 -0.36191334E+00
  0.38959302E+01 -0.37865175E+00
  0.39129663E+01 -0.39367438E+00
  0.39300023E+01 -0.40697796E+00
  0.39470384E+01 -0.41855385E+00
  0.39640745E+01 -0.42838912E+00
  0.39811106E+01 -0.43646800E+00
  0.39981467E+01 -0.44277384E+00
  0.40151828E+01 -0.44729102E+00
  0.40322189E+01 -0.45000687E+00
  0.40492549E+01 -0.45091310E+00
  0.40661251E+01 -0.45218913E+00
  0.40829952E+01 -0.45601529E+00
  0.40998653E+01 -0.46238578E+00
  0.41167355E+01 -0.47129066E+00
  0.41336056E+01 -0.48271546E+00
  0.41504757E+01 -0.49664065E+00
  0.41673459E+01 -0.51304094E+00
  0.41842160E+01 -0.53188451E+00
  0.42010861E+01 -0.55313207E+00
  0.42179563E+01 -0.57673577E+00
  0.42348264E+01 -0.60263808E+00
  0.42516965E+01 -0.63077038E+00
  0.42685667E+01 -0.66105144E+00
  0.42854368E+01 -0.69338554E+00
  0.43023069E+01 -0.72766014E+00
  0.43191771E+01 -0.76374285E+00
  0.43360472E+01 -0.80147712E+00
  0.43529173E+01 -0.84067601E+00
  0.43697875E+01 -0.88111268E+00
  0.43866576E+01 -0.92250501E+00
  0.44035277E+01 -0.96449029E+00
  0.44203979E+01 -0.10065815E+01
  0.44372680E+01 -0.10480900E+01
  0.44541381E+01 -0.10879879E+01
  0.44710082E+01 -0.11246678E+01
  0.44878784E+01 -0.11555873E+01
  0.45047485E+01 -0.11770216E+01
  0.45216186E+01 -0.11848293E+01
  0.45387327E+01 -0.11840193E+01
  0.45558468E+01 -0.11815885E+01
  0.45729610E+01 -0.11775341E+01
  0.45900751E+01 -0.11718518E+01
  0.46071892E+01 -0.11645356E+01
  0.46243033E+01 -0.11555779E+01
  0.46414174E+01 -0.11449702E+01
  0.46585315E+01 -0.11327026E+01
  0.46756456E+01 -0.11187652E+01
  0.46927597E+01 -0.11031473E+01
  0.47098738E+01 -0.10858390E+01
  0.47269879E+01 -0.10668309E+01
  0.47441020E+01 -0.10461149E+01
  0.47612161E+01 -0.10236848E+01
  0.47783302E+01 -0.99953653E+00
  0.47954443E+01 -0.97366871E+00
  0.48125584E+01 -0.94608275E+00
  0.48296725E+01 -0.91678308E+00
  0.48467866E+01 -0.88577708E+00
  0.48639007E+01 -0.85307486E+00
  0.48810148E+01 -0.81868891E+00
  0.48981289E+01 -0.78263355E+00
  0.49152430E+01 -0.74492425E+00
  0.49323571E+01 -0.70557689E+00
  0.49494712E+01 -0.66460696E+00
  0.49665853E+01 -0.62202875E+00
  0.49836994E+01 -0.57785464E+00
  0.50008135E+01 -0.53209444E+00
  0.50179276E+01 -0.48475498E+00
  0.50350417E+01 -0.43583980E+00
  0.50521558E+01 -0.38534909E+00
  0.50692699E+01 -0.33327985E+00
  0.50863840E+01 -0.27962623E+00
  0.51034981E+01 -0.22438002E+00
  0.51206122E+01 -0.16753133E+00
  0.51377263E+01 -0.10906932E+00
  0.51548404E+01 -0.48982972E-01
  0.51719545E+01  0.12738185E-01
  0.51890686E+01  0.76103400E-01
  0.52061827E+01  0.14112018E+00
  0.52232968E+01  0.20779396E+00
  0.52404109E+01  0.27612790E+00
  0.52575251E+01  0.34612299E+00
  0.52746392E+01  0.41777826E+00
  0.52917533E+01  0.49109111E+00
  0.53088674E+01  0.56605789E+00
  0.53259815E+01  0.64267431E+00
  0.53430956E+01  0.72093601E+00
  0.53602097E+01  0.80083897E+00
  0.53773238E+01  0.88237971E+00
  0.53944379E+01  0.96555547E+00
  0.54115520E+01  0.10503640E+01
  0.54286661E+01  0.11368032E+01
  0.54457802E+01  0.12248707E+01
  0.54628943E+01  0.13145626E+01
  0.54800084E+01  0.14058730E+01
  0.54971225E+01  0.14987924E+01
  0.55142366E+01  0.15933066E+01
  0.55313507E+01  0.16893954E+01
  0.55484648E+01  0.17870313E+01
  0.55655789E+01  0.18861783E+01
  0.55826930E+01  0.19867910E+01
  0.55998071E+01  0.20888141E+01
  0.56169212E+01  0.21921820E+01
  0.56340353E+01  0.22968199E+01
  0.56511494E+01  0.24026441E+01
  0.56682635E+01  0.25095641E+01
  0.56853776E+01  0.26174842E+01
  0.57024917E+01  0.27263061E+01
  0.57196058E+01  0.28359309E+01
  0.57367199E+01  0.29462618E+01
  0.57538340E+01  0.30572055E+01
  0.57709481E+01  0.31686747E+01
  0.57880622E+01  0.32805892E+01
  0.58051763E+01  0.33928776E+01
  0.58222904E+01  0.35054786E+01
  0.58394045E+01  0.36183429E+01
  0.58565186E+01  0.37314367E+01
  0.58736327E+01  0.38447492E+01
  0.58907468E+01  0.39583098E+01
  0.59078609E+01  0.40722287E+01
  0.59249750E+01  0.41867736E+01
  0.59420892E+01  0.43023882E+01
  0.59592033E+01  0.44192392E+01
  0.59763174E+01  0.45366700E+01
  0.59934315E+01  0.46537584E+01
  0.60105456E+01  0.47698525E+01
  0.60276597E+01  0.48845402E+01
  0.60447738E+01  0.49975389E+01
  0.60618879E+01  0.51086382E+01
  0.60790020E+01  0.52176741E+01
  0.60961161E+01  0.53245204E+01
  0.61132302E+01  0.54290962E+01
  0.61303443E+01  0.55314060E+01
  0.61474584E+01  0.56316634E+01
  0.61645725E+01  0.57305527E+01
  0.61816866E+01  0.58291443E+01
  0.61988007E+01  0.59276116E+01
  0.62159148E+01  0.60250209E+01
  0.62330289E+01  0.61057589E+01
  0.62501430E+01  0.60288363E+01
  0.62672571E+01  0.59385779E+01
  0.62843712E+01  0.58498167E+01
  0.63014853E+01  0.57627064E+01
  0.63185994E+01  0.56772702E+01
  0.63357135E+01  0.55935154E+01
  0.63528276E+01  0.55114464E+01
  0.63699417E+01  0.54310676E+01
  0.63870558E+01  0.53523839E+01
  0.64041699E+01  0.52754019E+01
  0.64212840E+01  0.52001311E+01
  0.64383981E+01  0.51265840E+01
  0.64555122E+01  0.50547766E+01
  0.64726263E+01  0.49847281E+01
  0.64897404E+01  0.49164615E+01
  0.65068545E+01  0.48500037E+01
  0.65239686E+01  0.47853860E+01
  0.65410827E+01  0.47226441E+01
  0.65581968E+01  0.46618184E+01
  0.65753109E+01  0.46029513E+01
  0.65924250E+01  0.45460833E+01
  0.66095391E+01  0.44912434E+01
  0.66266533E+01  0.44384389E+01
  0.66437674E+01  0.43876483E+01
  0.66608815E+01  0.43388239E+01
  0.66779956E+01  0.42919055E+01
  0.66951097E+01  0.42468359E+01
  0.67122238E+01  0.42035729E+01
  0.67293379E+01  0.41620925E+01
  0.67464520E+01  0.41223900E+01
  0.67635661E+01  0.40844776E+01
  0.67806802E+01  0.40483825E+01
  0.67977943E+01  0.40141448E+01
  0.68149084E+01  0.39818147E+01
  0.68320225E+01  0.39514484E+01
  0.68491366E+01  0.39231012E+01
  0.68662507E+01  0.38968181E+01
  0.68833648E+01  0.38726256E+01
  0.69004789E+01  0.38505280E+01
  0.69175930E+01  0.38305105E+01
  0.69347071E+01  0.38125455E+01
  0.69518212E+01  0.37965989E+01
  0.69689353E+01  0.37826348E+01
  0.69860494E+01  0.37706177E+01
  0.70031635E+01  0.37605145E+01
  0.70202776E+01  0.37522947E+01
  0.70373917E+01  0.37459317E+01
  0.70545058E+01  0.37414034E+01
  0.70716199E+01  0.37386933E+01
  0.70887340E+01  0.37377911E+01
  0.71057701E+01  0.37321905E+01
  0.71228062E+01  0.37155341E+01
  0.71398423E+01  0.36882463E+01
  0.71568784E+01  0.36509979E+01
  0.71739145E+01  0.36046509E+01
  0.71909505E+01  0.35501732E+01
  0.72079866E+01  0.34885104E+01
  0.72250227E+01  0.34204583E+01
  0.72420588E+01  0.33466467E+01
  0.72590949E+01  0.32676432E+01
  0.72761310E+01  0.31840499E+01
  0.72931671E+01  0.30965370E+01
  0.73102032E+01  0.30058483E+01
  0.73272392E+01  0.29127998E+01
  0.73442753E+01  0.28182406E+01
  0.73613114E+01  0.27229090E+01
  0.73783475E+01  0.26272713E+01
  0.73953836E+01  0.25315474E+01
  0.74124197E+01  0.24358553E+01
  0.74294558E+01  0.23402962E+01
  0.74464918E+01  0.22449749E+01
  0.74635279E+01  0.21499985E+01
  0.74805640E+01  0.20554748E+01
  0.74976001E+01  0.19615111E+01
  0.75146362E+01  0.18682140E+01
  0.75316723E+01  0.17756893E+01
  0.75487084E+01  0.16840411E+01
  0.75657445E+01  0.15933704E+01
  0.75827805E+01  0.15037730E+01
  0.75998166E+01  0.14153368E+01
  0.76168527E+01  0.13281398E+01
  0.76338888E+01  0.12422472E+01
  0.76509249E+01  0.11577103E+01
  0.76679610E+01  0.10745650E+01
  0.76849971E+01  0.99283236E+00
  0.77020332E+01  0.91251959E+00
  0.77190692E+01  0.83362188E+00
  0.77361053E+01  0.75612544E+00
  0.77531414E+01  0.68001082E+00
  0.77701775E+01  0.60525655E+00
  0.77872136E+01  0.53184274E+00
  0.78042497E+01  0.45975429E+00
  0.78212858E+01  0.38898347E+00
  0.78383218E+01  0.31953170E+00
  0.78553579E+01  0.25141034E+00
  0.78723940E+01  0.18464051E+00
  0.78894301E+01  0.11925202E+00
  0.79064662E+01  0.55281523E-01
  0.79235023E+01 -0.72299243E-02
  0.79405384E+01 -0.68239555E-01
  0.79575745E+01 -0.12770567E+00
  0.79746105E+01 -0.18559016E+00
  0.79916466E+01 -0.24186063E+00
  0.80086827E+01 -0.29649191E+00
  0.80257188E+01 -0.34946680E+00
  0.80427549E+01 -0.40077623E+00
  0.80597910E+01 -0.45041857E+00
  0.80768271E+01 -0.49839853E+00
  0.80938632E+01 -0.54472557E+00
  0.81108992E+01 -0.58941208E+00
  0.81279353E+01 -0.63247153E+00
  0.81449714E+01 -0.67391682E+00
  0.81620075E+01 -0.71375885E+00
  0.81790436E+01 -0.75200553E+00
  0.81960797E+01 -0.78866123E+00
  0.82131158E+01 -0.82372668E+00
  0.82301519E+01 -0.85719931E+00
  0.82471879E+01 -0.88907388E+00
  0.82642240E+01 -0.91934331E+00
  0.82812601E+01 -0.94799962E+00
  0.82982962E+01 -0.97503483E+00
  0.83153323E+01 -0.10004417E+01
  0.83323684E+01 -0.10242143E+01
  0.83494045E+01 -0.10463483E+01
  0.83664405E+01 -0.10668411E+01
  0.83834766E+01 -0.10856914E+01
  0.84005127E+01 -0.11028994E+01
  0.84175488E+01 -0.11184660E+01
  0.84345849E+01 -0.11323923E+01
  0.84516210E+01 -0.11446797E+01
  0.84686571E+01 -0.11553291E+01
  0.84856932E+01 -0.11643410E+01
  0.85027292E+01 -0.11717154E+01
  0.85197653E+01 -0.11774520E+01
  0.85368014E+01 -0.11815502E+01
  0.85538375E+01 -0.11840095E+01
  0.85708736E+01 -0.11848293E+01
  
  0.00000000E+00  0.17642159E+02
  0.17114102E-01  0.17639167E+02
  0.34228205E-01  0.17630196E+02
  0.51342307E-01  0.17615266E+02
  0.68456410E-01  0.17594408E+02
  0.85570512E-01  0.17567668E+02
  0.10268461E+00  0.17535100E+02
  0.11979872E+00  0.17496775E+02
  0.13691282E+00  0.17452771E+02
  0.15402692E+00  0.17403182E+02
  0.17114102E+00  0.17348106E+02
  0.18825513E+00  0.17287657E+02
  0.20536923E+00  0.17221952E+02
  0.22248333E+00  0.17151119E+02
  0.23959743E+00  0.17075291E+02
  0.25671154E+00  0.16994609E+02
  0.27382564E+00  0.16909216E+02
  0.29093974E+00  0.16819261E+02
  0.30805384E+00  0.16724896E+02
  0.32516795E+00  0.16626275E+02
  0.34228205E+00  0.16523556E+02
  0.35939615E+00  0.16416896E+02
  0.37651025E+00  0.16306456E+02
  0.39362436E+00  0.16192394E+02
  0.41073846E+00  0.16074872E+02
  0.42785256E+00  0.15954048E+02
  0.44496666E+00  0.15830084E+02
  0.46208077E+00  0.15703136E+02
  0.47919487E+00  0.15573365E+02
  0.49630897E+00  0.15440925E+02
  0.51342307E+00  0.15305973E+02
  0.53053718E+00  0.15168664E+02
  0.54765128E+00  0.15029149E+02
  0.56476538E+00  0.14887582E+02
  0.58187948E+00  0.14744111E+02
  0.59899359E+00  0.14598885E+02
  0.61610769E+00  0.14452051E+02
  0.63322179E+00  0.14303753E+02
  0.65033589E+00  0.14154135E+02
  0.66745000E+00  0.14003337E+02
  0.68456410E+00  0.13851497E+02
  0.70167820E+00  0.13698748E+02
  0.71879230E+00  0.13545223E+02
  0.73590641E+00  0.13391047E+02
  0.75302051E+00  0.13236342E+02
  0.77013461E+00  0.13081228E+02
  0.78724871E+00  0.12925816E+02
  0.80436282E+00  0.12770214E+02
  0.82147692E+00  0.12614525E+02
  0.83859102E+00  0.12458848E+02
  0.85570512E+00  0.12303277E+02
  0.87281923E+00  0.12147900E+02
  0.88993333E+00  0.11992804E+02
  0.90704743E+00  0.11838071E+02
  0.92416153E+00  0.11683778E+02
  0.94127564E+00  0.11530001E+02
  0.95838974E+00  0.11376810E+02
  0.97550384E+00  0.11224273E+02
  0.99261794E+00  0.11072451E+02
  0.10097320E+01  0.10921403E+02
  0.10268461E+01  0.10771181E+02
  0.10439603E+01  0.10621831E+02
  0.10610744E+01  0.10473396E+02
  0.10781885E+01  0.10325911E+02
  0.10953026E+01  0.10179407E+02
  0.11124167E+01  0.10033912E+02
  0.11295308E+01  0.98894470E+01
  0.11466449E+01  0.97460343E+01
  0.11637590E+01  0.96036933E+01
  0.11808731E+01  0.94624436E+01
  0.11979872E+01  0.93223061E+01
  0.12151013E+01  0.91833038E+01
  0.12322154E+01  0.90454625E+01
  0.12493295E+01  0.89088115E+01
  0.12664436E+01  0.87733835E+01
  0.12835577E+01  0.86392157E+01
  0.13006718E+01  0.85063488E+01
  0.13177859E+01  0.83748283E+01
  0.13349000E+01  0.82447038E+01
  0.13520141E+01  0.81160292E+01
  0.13691282E+01  0.79888629E+01
  0.13862423E+01  0.78632676E+01
  0.14033564E+01  0.77393101E+01
  0.14204705E+01  0.76170611E+01
  0.14375846E+01  0.74965959E+01
  0.14546987E+01  0.73779944E+01
  0.14718128E+01  0.72613433E+01
  0.14889269E+01  0.71467392E+01
  0.15060410E+01  0.70342943E+01
  0.15231551E+01  0.69241457E+01
  0.15402692E+01  0.68164704E+01
  0.15573833E+01  0.67115087E+01
  0.15744974E+01  0.66096030E+01
  0.15916115E+01  0.65112619E+01
  0.16087256E+01  0.64172717E+01
  0.16258397E+01  0.63289009E+01
  0.16429538E+01  0.62483025E+01
  0.16600679E+01  0.61794637E+01
  0.16771820E+01  0.61317827E+01
  0.16942961E+01  0.61174077E+01
  0.17114102E+01  0.61146487E+01
  0.17285244E+01  0.61344556E+01
  0.17456385E+01  0.61918176E+01
  0.17627526E+01  0.62677100E+01
  0.17798667E+01  0.63527594E+01
  0.17969808E+01  0.64422829E+01
  0.18140949E+01  0.65336410E+01
  0.18312090E+01  0.66252448E+01
  0.18483231E+01  0.67160768E+01
  0.18654372E+01  0.68054458E+01
  0.18825513E+01  0.68928548E+01
  0.18996654E+01  0.69779264E+01
  0.19167795E+01  0.70603531E+01
  0.19338936E+01  0.71398455E+01
  0.19510077E+01  0.72160210E+01
  0.19681218E+01  0.72879458E+01
  0.19852359E+01  0.73510653E+01
  0.20023500E+01  0.73908636E+01
  0.20194641E+01  0.74149108E+01
  0.20365782E+01  0.74345238E+01
  0.20536923E+01  0.74518952E+01
  0.20708064E+01  0.74676032E+01
  0.20879205E+01  0.74819017E+01
  0.21050346E+01  0.74949399E+01
  0.21221487E+01  0.75068199E+01
  0.21392628E+01  0.75176176E+01
  0.21563769E+01  0.75273937E+01
  0.21734910E+01  0.75362005E+01
  0.21906051E+01  0.75440868E+01
  0.22077192E+01  0.75511024E+01
  0.22248333E+01  0.75572999E+01
  0.22419474E+01  0.75627370E+01
  0.22590615E+01  0.75674771E+01
  0.22761756E+01  0.75715885E+01
  0.22932897E+01  0.75751436E+01
  0.23104038E+01  0.75782169E+01
  0.23275179E+01  0.75808819E+01
  0.23446320E+01  0.75832087E+01
  0.23617461E+01  0.75852606E+01
  0.23788602E+01  0.75870916E+01
  0.23959743E+01  0.75887442E+01
  0.24130885E+01  0.75902486E+01
  0.24302026E+01  0.75916227E+01
  0.24473167E+01  0.75928730E+01
  0.24644308E+01  0.75939967E+01
  0.24815449E+01  0.75949842E+01
  0.24986590E+01  0.75958214E+01
  0.25157731E+01  0.75964932E+01
  0.25328872E+01  0.75969850E+01
  0.25500013E+01  0.75972851E+01
  0.25671154E+01  0.75973860E+01
  0.25841515E+01  0.75999976E+01
  0.26011875E+01  0.76080898E+01
  0.26182236E+01  0.76223619E+01
  0.26352597E+01  0.76437697E+01
  0.26522958E+01  0.76733119E+01
  0.26693319E+01  0.77118541E+01
  0.26863680E+01  0.77600207E+01
  0.27034041E+01  0.78181506E+01
  0.27204402E+01  0.78863011E+01
  0.27374762E+01  0.79642812E+01
  0.27545123E+01  0.80517011E+01
  0.27715484E+01  0.81480268E+01
  0.27885845E+01  0.82526314E+01
  0.28056206E+01  0.83648408E+01
  0.28226567E+01  0.84839700E+01
  0.28396928E+01  0.86093507E+01
  0.28567289E+01  0.87403505E+01
  0.28737649E+01  0.88763845E+01
  0.28908010E+01  0.90169215E+01
  0.29078371E+01  0.91614852E+01
  0.29248732E+01  0.93096528E+01
  0.29419093E+01  0.94610513E+01
  0.29589454E+01  0.96153523E+01
  0.29759815E+01  0.97722667E+01
  0.29930176E+01  0.99315392E+01
  0.30100536E+01  0.10092944E+02
  0.30270897E+01  0.10256277E+02
  0.30441258E+01  0.10421357E+02
  0.30611619E+01  0.10588016E+02
  0.30781980E+01  0.10756099E+02
  0.30952341E+01  0.10925458E+02
  0.31122702E+01  0.11095952E+02
  0.31293062E+01  0.11267439E+02
  0.31463423E+01  0.11439776E+02
  0.31633784E+01  0.11612815E+02
  0.31804145E+01  0.11786401E+02
  0.31974506E+01  0.11960370E+02
  0.32144867E+01  0.12134549E+02
  0.32315228E+01  0.12308755E+02
  0.32485589E+01  0.12482796E+02
  0.32655949E+01  0.12656475E+02
  0.32826310E+01  0.12829589E+02
  0.32996671E+01  0.13001938E+02
  0.33167032E+01  0.13173321E+02
  0.33337393E+01  0.13343547E+02
  0.33507754E+01  0.13512433E+02
  0.33678115E+01  0.13679807E+02
  0.33848476E+01  0.13845514E+02
  0.34018836E+01  0.14009412E+02
  0.34189197E+01  0.14171373E+02
  0.34359558E+01  0.14331282E+02
  0.34529919E+01  0.14489035E+02
  0.34700280E+01  0.14644534E+02
  0.34870641E+01  0.14797683E+02
  0.35041002E+01  0.14948383E+02
  0.35211362E+01  0.15096531E+02
  0.35381723E+01  0.15242009E+02
  0.35552084E+01  0.15384688E+02
  0.35722445E+01  0.15524426E+02
  0.35892806E+01  0.15661062E+02
  0.36063167E+01  0.15794425E+02
  0.36233528E+01  0.15924331E+02
  0.36403889E+01  0.16050593E+02
  0.36574249E+01  0.16173020E+02
  0.36744610E+01  0.16291424E+02
  0.36914971E+01  0.16405628E+02
  0.37085332E+01  0.16515466E+02
  0.37255693E+01  0.16620787E+02
  0.37426054E+01  0.16721458E+02
  0.37596415E+01  0.16817362E+02
  0.37766776E+01  0.16908402E+02
  0.37937136E+01  0.16994490E+02
  0.38107497E+01  0.17075551E+02
  0.38277858E+01  0.17151518E+02
  0.38448219E+01  0.17222325E+02
  0.38618580E+01  0.17287905E+02
  0.38788941E+01  0.17348190E+02
  0.38959302E+01  0.17403104E+02
  0.39129663E+01  0.17452568E+02
  0.39300023E+01  0.17496497E+02
  0.39470384E+01  0.17534802E+02
  0.39640745E+01  0.17567397E+02
  0.39811106E+01  0.17594198E+02
  0.39981467E+01  0.17615130E+02
  0.40151828E+01  0.17630130E+02
  0.40322189E+01  0.17639149E+02
  0.40492549E+01  0.17642159E+02
  0.40661251E+01  0.17642316E+02
  0.40829952E+01  0.17642784E+02
  0.40998653E+01  0.17643563E+02
  0.41167355E+01  0.17644650E+02
  0.41336056E+01  0.17646042E+02
  0.41504757E+01  0.17647735E+02
  0.41673459E+01  0.17649724E+02
  0.41842160E+01  0.17652003E+02
  0.42010861E+01  0.17654567E+02
  0.42179563E+01  0.17657407E+02
  0.42348264E+01  0.17660517E+02
  0.42516965E+01  0.17663888E+02
  0.42685667E+01  0.17667511E+02
  0.42854368E+01  0.17671376E+02
  0.43023069E+01  0.17675474E+02
  0.43191771E+01  0.17679795E+02
  0.43360472E+01  0.17684327E+02
  0.43529173E+01  0.17689059E+02
  0.43697875E+01  0.17693979E+02
  0.43866576E+01  0.17699073E+02
  0.44035277E+01  0.17704327E+02
  0.44203979E+01  0.17709724E+02
  0.44372680E+01  0.17715241E+02
  0.44541381E+01  0.17720849E+02
  0.44710082E+01  0.17726492E+02
  0.44878784E+01  0.17732047E+02
  0.45047485E+01  0.17737094E+02
  0.45216186E+01  0.17739718E+02
  0.45387327E+01  0.17736836E+02
  0.45558468E+01  0.17728194E+02
  0.45729610E+01  0.17713792E+02
  0.45900751E+01  0.17693637E+02
  0.46071892E+01  0.17667748E+02
  0.46243033E+01  0.17636157E+02
  0.46414174E+01  0.17598918E+02
  0.46585315E+01  0.17556108E+02
  0.46756456E+01  0.17507825E+02
  0.46927597E+01  0.17454182E+02
  0.47098738E+01  0.17395301E+02
  0.47269879E+01  0.17331315E+02
  0.47441020E+01  0.17262356E+02
  0.47612161E+01  0.17188561E+02
  0.47783302E+01  0.17110068E+02
  0.47954443E+01  0.17027014E+02
  0.48125584E+01  0.16939539E+02
  0.48296725E+01  0.16847781E+02
  0.48467866E+01  0.16751880E+02
  0.48639007E+01  0.16651976E+02
  0.48810148E+01  0.16548211E+02
  0.48981289E+01  0.16440726E+02
  0.49152430E+01  0.16329667E+02
  0.49323571E+01  0.16215176E+02
  0.49494712E+01  0.16097400E+02
  0.49665853E+01  0.15976487E+02
  0.49836994E+01  0.15852586E+02
  0.50008135E+01  0.15725846E+02
  0.50179276E+01  0.15596420E+02
  0.50350417E+01  0.15464459E+02
  0.50521558E+01  0.15330118E+02
  0.50692699E+01  0.15193550E+02
  0.50863840E+01  0.15054910E+02
  0.51034981E+01  0.14914354E+02
  0.51206122E+01  0.14772036E+02
  0.51377263E+01  0.14628109E+02
  0.51548404E+01  0.14482726E+02
  0.51719545E+01  0.14336038E+02
  0.51890686E+01  0.14188191E+02
  0.52061827E+01  0.14039330E+02
  0.52232968E+01  0.13889594E+02
  0.52404109E+01  0.13739117E+02
  0.52575251E+01  0.13588029E+02
  0.52746392E+01  0.13436454E+02
  0.52917533E+01  0.13284508E+02
  0.53088674E+01  0.13132304E+02
  0.53259815E+01  0.12979948E+02
  0.53430956E+01  0.12827542E+02
  0.53602097E+01  0.12675184E+02
  0.53773238E+01  0.12522968E+02
  0.53944379E+01  0.12370986E+02
  0.54115520E+01  0.12219326E+02
  0.54286661E+01  0.12068076E+02
  0.54457802E+01  0.11917321E+02
  0.54628943E+01  0.11767143E+02
  0.54800084E+01  0.11617623E+02
  0.54971225E+01  0.11468836E+02
  0.55142366E+01  0.11320852E+02
  0.55313507E+01  0.11173732E+02
  0.55484648E+01  0.11027531E+02
  0.55655789E+01  0.10882292E+02
  0.55826930E+01  0.10738043E+02
  0.55998071E+01  0.10594804E+02
  0.56169212E+01  0.10452578E+02
  0.56340353E+01  0.10311356E+02
  0.56511494E+01  0.10171117E+02
  0.56682635E+01  0.10031832E+02
  0.56853776E+01  0.98934627E+01
  0.57024917E+01  0.97559692E+01
  0.57196058E+01  0.96193120E+01
  0.57367199E+01  0.94834565E+01
  0.57538340E+01  0.93483775E+01
  0.57709481E+01  0.92140632E+01
  0.57880622E+01  0.90805184E+01
  0.58051763E+01  0.89477673E+01
  0.58222904E+01  0.88158547E+01
  0.58394045E+01  0.86848456E+01
  0.58565186E+01  0.85548237E+01
  0.58736327E+01  0.84258891E+01
  0.58907468E+01  0.82981542E+01
  0.59078609E+01  0.81717393E+01
  0.59249750E+01  0.80467678E+01
  0.59420892E+01  0.79233607E+01
  0.59592033E+01  0.78016317E+01
  0.59763174E+01  0.76816823E+01
  0.59934315E+01  0.75635986E+01
  0.60105456E+01  0.74474481E+01
  0.60276597E+01  0.73332786E+01
  0.60447738E+01  0.72211177E+01
  0.60618879E+01  0.71109738E+01
  0.60790020E+01  0.70028381E+01
  0.60961161E+01  0.68966872E+01
  0.61132302E+01  0.67924855E+01
  0.61303443E+01  0.66901883E+01
  0.61474584E+01  0.65897422E+01
  0.61645725E+01  0.64910850E+01
  0.61816866E+01  0.63941412E+01
  0.61988007E+01  0.62988203E+01
  0.62159148E+01  0.62050988E+01
  0.62330289E+01  0.61263111E+01
  0.62501430E+01  0.61976986E+01
  0.62672571E+01  0.62876970E+01
  0.62843712E+01  0.63756607E+01
  0.63014853E+01  0.64609365E+01
  0.63185994E+01  0.65433034E+01
  0.63357135E+01  0.66226189E+01
  0.63528276E+01  0.66987666E+01
  0.63699417E+01  0.67716483E+01
  0.63870558E+01  0.68411864E+01
  0.64041699E+01  0.69073295E+01
  0.64212840E+01  0.69700537E+01
  0.64383981E+01  0.70293631E+01
  0.64555122E+01  0.70852881E+01
  0.64726263E+01  0.71378836E+01
  0.64897404E+01  0.71872275E+01
  0.65068545E+01  0.72334168E+01
  0.65239686E+01  0.72765642E+01
  0.65410827E+01  0.73167930E+01
  0.65581968E+01  0.73542326E+01
  0.65753109E+01  0.73890142E+01
  0.65924250E+01  0.74212685E+01
  0.66095391E+01  0.74511240E+01
  0.66266533E+01  0.74787073E+01
  0.66437674E+01  0.75041442E+01
  0.66608815E+01  0.75275608E+01
  0.66779956E+01  0.75490858E+01
  0.66951097E+01  0.75688505E+01
  0.67122238E+01  0.75869898E+01
  0.67293379E+01  0.76036410E+01
  0.67464520E+01  0.76189426E+01
  0.67635661E+01  0.76330317E+01
  0.67806802E+01  0.76460416E+01
  0.67977943E+01  0.76580984E+01
  0.68149084E+01  0.76693171E+01
  0.68320225E+01  0.76797975E+01
  0.68491366E+01  0.76896189E+01
  0.68662507E+01  0.76988308E+01
  0.68833648E+01  0.77074310E+01
  0.69004789E+01  0.77152822E+01
  0.69175930E+01  0.77217640E+01
  0.69347071E+01  0.77258516E+01
  0.69518212E+01  0.77284322E+01
  0.69689353E+01  0.77305005E+01
  0.69860494E+01  0.77323102E+01
  0.70031635E+01  0.77339062E+01
  0.70202776E+01  0.77352762E+01
  0.70373917E+01  0.77363902E+01
  0.70545058E+01  0.77372151E+01
  0.70716199E+01  0.77377227E+01
  0.70887340E+01  0.77378940E+01
  0.71057701E+01  0.77446708E+01
  0.71228062E+01  0.77648668E+01
  0.71398423E+01  0.77980815E+01
  0.71568784E+01  0.78436321E+01
  0.71739145E+01  0.79003875E+01
  0.71909505E+01  0.79661758E+01
  0.72079866E+01  0.80391977E+01
  0.72250227E+01  0.81202498E+01
  0.72420588E+01  0.82096374E+01
  0.72590949E+01  0.83070091E+01
  0.72761310E+01  0.84118335E+01
  0.72931671E+01  0.85235297E+01
  0.73102032E+01  0.86415061E+01
  0.73272392E+01  0.87651774E+01
  0.73442753E+01  0.88939746E+01
  0.73613114E+01  0.90273520E+01
  0.73783475E+01  0.91647933E+01
  0.73953836E+01  0.93058167E+01
  0.74124197E+01  0.94499790E+01
  0.74294558E+01  0.95968795E+01
  0.74464918E+01  0.97461625E+01
  0.74635279E+01  0.98975182E+01
  0.74805640E+01  0.10050682E+02
  0.74976001E+01  0.10205433E+02
  0.75146362E+01  0.10361589E+02
  0.75316723E+01  0.10519000E+02
  0.75487084E+01  0.10677546E+02
  0.75657445E+01  0.10837129E+02
  0.75827805E+01  0.10997662E+02
  0.75998166E+01  0.11159071E+02
  0.76168527E+01  0.11321283E+02
  0.76338888E+01  0.11484224E+02
  0.76509249E+01  0.11647814E+02
  0.76679610E+01  0.11811961E+02
  0.76849971E+01  0.11976563E+02
  0.77020332E+01  0.12141501E+02
  0.77190692E+01  0.12306643E+02
  0.77361053E+01  0.12471840E+02
  0.77531414E+01  0.12636931E+02
  0.77701775E+01  0.12801746E+02
  0.77872136E+01  0.12966106E+02
  0.78042497E+01  0.13129830E+02
  0.78212858E+01  0.13292740E+02
  0.78383218E+01  0.13454661E+02
  0.78553579E+01  0.13615431E+02
  0.78723940E+01  0.13774900E+02
  0.78894301E+01  0.13932935E+02
  0.79064662E+01  0.14089417E+02
  0.79235023E+01  0.14244247E+02
  0.79405384E+01  0.14397337E+02
  0.79575745E+01  0.14548612E+02
  0.79746105E+01  0.14698003E+02
  0.79916466E+01  0.14845445E+02
  0.80086827E+01  0.14990867E+02
  0.80257188E+01  0.15134193E+02
  0.80427549E+01  0.15275331E+02
  0.80597910E+01  0.15414176E+02
  0.80768271E+01  0.15550604E+02
  0.80938632E+01  0.15684469E+02
  0.81108992E+01  0.15815611E+02
  0.81279353E+01  0.15943849E+02
  0.81449714E+01  0.16068993E+02
  0.81620075E+01  0.16190843E+02
  0.81790436E+01  0.16309195E+02
  0.81960797E+01  0.16423848E+02
  0.82131158E+01  0.16534606E+02
  0.82301519E+01  0.16641286E+02
  0.82471879E+01  0.16743720E+02
  0.82642240E+01  0.16841752E+02
  0.82812601E+01  0.16935249E+02
  0.82982962E+01  0.17024089E+02
  0.83153323E+01  0.17108167E+02
  0.83323684E+01  0.17187389E+02
  0.83494045E+01  0.17261668E+02
  0.83664405E+01  0.17330921E+02
  0.83834766E+01  0.17395064E+02
  0.84005127E+01  0.17454012E+02
  0.84175488E+01  0.17507675E+02
  0.84345849E+01  0.17555959E+02
  0.84516210E+01  0.17598771E+02
  0.84686571E+01  0.17636022E+02
  0.84856932E+01  0.17667637E+02
  0.85027292E+01  0.17693557E+02
  0.85197653E+01  0.17713742E+02
  0.85368014E+01  0.17728170E+02
  0.85538375E+01  0.17736830E+02
  0.85708736E+01  0.17739718E+02
  
  0.00000000E+00  0.17868396E+02
  0.17114102E-01  0.17865605E+02
  0.34228205E-01  0.17857238E+02
  0.51342307E-01  0.17843314E+02
  0.68456410E-01  0.17823862E+02
  0.85570512E-01  0.17798927E+02
  0.10268461E+00  0.17768560E+02
  0.11979872E+00  0.17732825E+02
  0.13691282E+00  0.17691795E+02
  0.15402692E+00  0.17645553E+02
  0.17114102E+00  0.17594187E+02
  0.18825513E+00  0.17537795E+02
  0.20536923E+00  0.17476481E+02
  0.22248333E+00  0.17410353E+02
  0.23959743E+00  0.17339527E+02
  0.25671154E+00  0.17264123E+02
  0.27382564E+00  0.17184262E+02
  0.29093974E+00  0.17100074E+02
  0.30805384E+00  0.17011689E+02
  0.32516795E+00  0.16919241E+02
  0.34228205E+00  0.16822865E+02
  0.35939615E+00  0.16722703E+02
  0.37651025E+00  0.16618896E+02
  0.39362436E+00  0.16511588E+02
  0.41073846E+00  0.16400928E+02
  0.42785256E+00  0.16287066E+02
  0.44496666E+00  0.16170155E+02
  0.46208077E+00  0.16050350E+02
  0.47919487E+00  0.15927810E+02
  0.49630897E+00  0.15802691E+02
  0.51342307E+00  0.15675156E+02
  0.53053718E+00  0.15545362E+02
  0.54765128E+00  0.15413470E+02
  0.56476538E+00  0.15279634E+02
  0.58187948E+00  0.15144007E+02
  0.59899359E+00  0.15006737E+02
  0.61610769E+00  0.14867966E+02
  0.63322179E+00  0.14727828E+02
  0.65033589E+00  0.14586448E+02
  0.66745000E+00  0.14443947E+02
  0.68456410E+00  0.14300432E+02
  0.70167820E+00  0.14156007E+02
  0.71879230E+00  0.14010763E+02
  0.73590641E+00  0.13864790E+02
  0.75302051E+00  0.13718168E+02
  0.77013461E+00  0.13570977E+02
  0.78724871E+00  0.13423293E+02
  0.80436282E+00  0.13275190E+02
  0.82147692E+00  0.13126746E+02
  0.83859102E+00  0.12978039E+02
  0.85570512E+00  0.12829149E+02
  0.87281923E+00  0.12680161E+02
  0.88993333E+00  0.12531163E+02
  0.90704743E+00  0.12382246E+02
  0.92416153E+00  0.12233503E+02
  0.94127564E+00  0.12085029E+02
  0.95838974E+00  0.11936919E+02
  0.97550384E+00  0.11789268E+02
  0.99261794E+00  0.11642167E+02
  0.10097320E+01  0.11495704E+02
  0.10268461E+01  0.11349962E+02
  0.10439603E+01  0.11205014E+02
  0.10610744E+01  0.11060930E+02
  0.10781885E+01  0.10917769E+02
  0.10953026E+01  0.10775582E+02
  0.11124167E+01  0.10634412E+02
  0.11295308E+01  0.10494294E+02
  0.11466449E+01  0.10355255E+02
  0.11637590E+01  0.10217320E+02
  0.11808731E+01  0.10080506E+02
  0.11979872E+01  0.99448322E+01
  0.12151013E+01  0.98103148E+01
  0.12322154E+01  0.96769747E+01
  0.12493295E+01  0.95448365E+01
  0.12664436E+01  0.94139311E+01
  0.12835577E+01  0.92842969E+01
  0.13006718E+01  0.91559799E+01
  0.13177859E+01  0.90290340E+01
  0.13349000E+01  0.89035200E+01
  0.13520141E+01  0.87795051E+01
  0.13691282E+01  0.86570611E+01
  0.13862423E+01  0.85362640E+01
  0.14033564E+01  0.84171930E+01
  0.14204705E+01  0.82999316E+01
  0.14375846E+01  0.81845684E+01
  0.14546987E+01  0.80712008E+01
  0.14718128E+01  0.79599396E+01
  0.14889269E+01  0.78509164E+01
  0.15060410E+01  0.77442933E+01
  0.15231551E+01  0.76402779E+01
  0.15402692E+01  0.75391423E+01
  0.15573833E+01  0.74412530E+01
  0.15744974E+01  0.73471107E+01
  0.15916115E+01  0.72574099E+01
  0.16087256E+01  0.71731193E+01
  0.16258397E+01  0.70955838E+01
  0.16429538E+01  0.70266226E+01
  0.16600679E+01  0.69685413E+01
  0.16771820E+01  0.69238863E+01
  0.16942961E+01  0.68947569E+01
  0.17114102E+01  0.68818263E+01
  0.17285244E+01  0.68911275E+01
  0.17456385E+01  0.69125143E+01
  0.17627526E+01  0.69424386E+01
  0.17798667E+01  0.69777834E+01
  0.17969808E+01  0.70161494E+01
  0.18140949E+01  0.70558057E+01
  0.18312090E+01  0.70955405E+01
  0.18483231E+01  0.71345177E+01
  0.18654372E+01  0.71721711E+01
  0.18825513E+01  0.72081311E+01
  0.18996654E+01  0.72421788E+01
  0.19167795E+01  0.72742228E+01
  0.19338936E+01  0.73043037E+01
  0.19510077E+01  0.73326734E+01
  0.19681218E+01  0.73602285E+01
  0.19852359E+01  0.73915597E+01
  0.20023500E+01  0.74412733E+01
  0.20194641E+01  0.75019275E+01
  0.20365782E+01  0.75623570E+01
  0.20536923E+01  0.76205310E+01
  0.20708064E+01  0.76760345E+01
  0.20879205E+01  0.77287721E+01
  0.21050346E+01  0.77787452E+01
  0.21221487E+01  0.78259940E+01
  0.21392628E+01  0.78705778E+01
  0.21563769E+01  0.79125669E+01
  0.21734910E+01  0.79520386E+01
  0.21906051E+01  0.79890742E+01
  0.22077192E+01  0.80237580E+01
  0.22248333E+01  0.80561754E+01
  0.22419474E+01  0.80864124E+01
  0.22590615E+01  0.81145539E+01
  0.22761756E+01  0.81406836E+01
  0.22932897E+01  0.81648831E+01
  0.23104038E+01  0.81872310E+01
  0.23275179E+01  0.82078022E+01
  0.23446320E+01  0.82266673E+01
  0.23617461E+01  0.82438918E+01
  0.23788602E+01  0.82595357E+01
  0.23959743E+01  0.82736528E+01
  0.24130885E+01  0.82862909E+01
  0.24302026E+01  0.82974918E+01
  0.24473167E+01  0.83072918E+01
  0.24644308E+01  0.83157221E+01
  0.24815449E+01  0.83228093E+01
  0.24986590E+01  0.83285762E+01
  0.25157731E+01  0.83330414E+01
  0.25328872E+01  0.83362198E+01
  0.25500013E+01  0.83381225E+01
  0.25671154E+01  0.83387559E+01
  0.25841515E+01  0.83465850E+01
  0.26011875E+01  0.83697736E+01
  0.26182236E+01  0.84074941E+01
  0.26352597E+01  0.84585587E+01
  0.26522958E+01  0.85216127E+01
  0.26693319E+01  0.85952914E+01
  0.26863680E+01  0.86783166E+01
  0.27034041E+01  0.87695424E+01
  0.27204402E+01  0.88679662E+01
  0.27374762E+01  0.89727216E+01
  0.27545123E+01  0.90830643E+01
  0.27715484E+01  0.91983544E+01
  0.27885845E+01  0.93180409E+01
  0.28056206E+01  0.94416467E+01
  0.28226567E+01  0.95687564E+01
  0.28396928E+01  0.96990059E+01
  0.28567289E+01  0.98320736E+01
  0.28737649E+01  0.99676738E+01
  0.28908010E+01  0.10105551E+02
  0.29078371E+01  0.10245478E+02
  0.29248732E+01  0.10387247E+02
  0.29419093E+01  0.10530676E+02
  0.29589454E+01  0.10675599E+02
  0.29759815E+01  0.10821867E+02
  0.29930176E+01  0.10969348E+02
  0.30100536E+01  0.11117923E+02
  0.30270897E+01  0.11267482E+02
  0.30441258E+01  0.11417928E+02
  0.30611619E+01  0.11569168E+02
  0.30781980E+01  0.11721114E+02
  0.30952341E+01  0.11873680E+02
  0.31122702E+01  0.12026778E+02
  0.31293062E+01  0.12180319E+02
  0.31463423E+01  0.12334209E+02
  0.31633784E+01  0.12488347E+02
  0.31804145E+01  0.12642623E+02
  0.31974506E+01  0.12796922E+02
  0.32144867E+01  0.12951115E+02
  0.32315228E+01  0.13105071E+02
  0.32485589E+01  0.13258648E+02
  0.32655949E+01  0.13411702E+02
  0.32826310E+01  0.13564086E+02
  0.32996671E+01  0.13715655E+02
  0.33167032E+01  0.13866269E+02
  0.33337393E+01  0.14015793E+02
  0.33507754E+01  0.14164103E+02
  0.33678115E+01  0.14311083E+02
  0.33848476E+01  0.14456630E+02
  0.34018836E+01  0.14600650E+02
  0.34189197E+01  0.14743055E+02
  0.34359558E+01  0.14883765E+02
  0.34529919E+01  0.15022701E+02
  0.34700280E+01  0.15159785E+02
  0.34870641E+01  0.15294934E+02
  0.35041002E+01  0.15428061E+02
  0.35211362E+01  0.15559072E+02
  0.35381723E+01  0.15687862E+02
  0.35552084E+01  0.15814323E+02
  0.35722445E+01  0.15938335E+02
  0.35892806E+01  0.16059771E+02
  0.36063167E+01  0.16178501E+02
  0.36233528E+01  0.16294388E+02
  0.36403889E+01  0.16407290E+02
  0.36574249E+01  0.16517066E+02
  0.36744610E+01  0.16623571E+02
  0.36914971E+01  0.16726658E+02
  0.37085332E+01  0.16826184E+02
  0.37255693E+01  0.16922003E+02
  0.37426054E+01  0.17013972E+02
  0.37596415E+01  0.17101947E+02
  0.37766776E+01  0.17185790E+02
  0.37937136E+01  0.17265363E+02
  0.38107497E+01  0.17340530E+02
  0.38277858E+01  0.17411162E+02
  0.38448219E+01  0.17477132E+02
  0.38618580E+01  0.17538319E+02
  0.38788941E+01  0.17594607E+02
  0.38959302E+01  0.17645887E+02
  0.39129663E+01  0.17692057E+02
  0.39300023E+01  0.17733026E+02
  0.39470384E+01  0.17768709E+02
  0.39640745E+01  0.17799032E+02
  0.39811106E+01  0.17823931E+02
  0.39981467E+01  0.17843353E+02
  0.40151828E+01  0.17857256E+02
  0.40322189E+01  0.17865610E+02
  0.40492549E+01  0.17868396E+02
  0.40661251E+01  0.17868179E+02
  0.40829952E+01  0.17867528E+02
  0.40998653E+01  0.17866447E+02
  0.41167355E+01  0.17864942E+02
  0.41336056E+01  0.17863022E+02
  0.41504757E+01  0.17860697E+02
  0.41673459E+01  0.17857981E+02
  0.41842160E+01  0.17854888E+02
  0.42010861E+01  0.17851434E+02
  0.42179563E+01  0.17847638E+02
  0.42348264E+01  0.17843520E+02
  0.42516965E+01  0.17839101E+02
  0.42685667E+01  0.17834403E+02
  0.42854368E+01  0.17829449E+02
  0.43023069E+01  0.17824262E+02
  0.43191771E+01  0.17818866E+02
  0.43360472E+01  0.17813287E+02
  0.43529173E+01  0.17807548E+02
  0.43697875E+01  0.17801674E+02
  0.43866576E+01  0.17795691E+02
  0.44035277E+01  0.17789624E+02
  0.44203979E+01  0.17783502E+02
  0.44372680E+01  0.17777354E+02
  0.44541381E+01  0.17771219E+02
  0.44710082E+01  0.17765159E+02
  0.44878784E+01  0.17759302E+02
  0.45047485E+01  0.17754073E+02
  0.45216186E+01  0.17751388E+02
  0.45387327E+01  0.17748513E+02
  0.45558468E+01  0.17739898E+02
  0.45729610E+01  0.17725577E+02
  0.45900751E+01  0.17705606E+02
  0.46071892E+01  0.17680051E+02
  0.46243033E+01  0.17648987E+02
  0.46414174E+01  0.17612488E+02
  0.46585315E+01  0.17570625E+02
  0.46756456E+01  0.17523471E+02
  0.46927597E+01  0.17471098E+02
  0.47098738E+01  0.17413583E+02
  0.47269879E+01  0.17351015E+02
  0.47441020E+01  0.17283488E+02
  0.47612161E+01  0.17211109E+02
  0.47783302E+01  0.17133993E+02
  0.47954443E+01  0.17052267E+02
  0.48125584E+01  0.16966063E+02
  0.48296725E+01  0.16875524E+02
  0.48467866E+01  0.16780795E+02
  0.48639007E+01  0.16682031E+02
  0.48810148E+01  0.16579388E+02
  0.48981289E+01  0.16473029E+02
  0.49152430E+01  0.16363116E+02
  0.49323571E+01  0.16249815E+02
  0.49494712E+01  0.16133293E+02
  0.49665853E+01  0.16013717E+02
  0.49836994E+01  0.15891254E+02
  0.50008135E+01  0.15766069E+02
  0.50179276E+01  0.15638326E+02
  0.50350417E+01  0.15508186E+02
  0.50521558E+01  0.15375807E+02
  0.50692699E+01  0.15241341E+02
  0.50863840E+01  0.15104939E+02
  0.51034981E+01  0.14966743E+02
  0.51206122E+01  0.14826892E+02
  0.51377263E+01  0.14685518E+02
  0.51548404E+01  0.14542749E+02
  0.51719545E+01  0.14398702E+02
  0.51890686E+01  0.14253494E+02
  0.52061827E+01  0.14107232E+02
  0.52232968E+01  0.13960020E+02
  0.52404109E+01  0.13811956E+02
  0.52575251E+01  0.13663136E+02
  0.52746392E+01  0.13513650E+02
  0.52917533E+01  0.13363586E+02
  0.53088674E+01  0.13213032E+02
  0.53259815E+01  0.13062072E+02
  0.53430956E+01  0.12910788E+02
  0.53602097E+01  0.12759263E+02
  0.53773238E+01  0.12607578E+02
  0.53944379E+01  0.12455812E+02
  0.54115520E+01  0.12304044E+02
  0.54286661E+01  0.12152351E+02
  0.54457802E+01  0.12000808E+02
  0.54628943E+01  0.11849489E+02
  0.54800084E+01  0.11698466E+02
  0.54971225E+01  0.11547810E+02
  0.55142366E+01  0.11397588E+02
  0.55313507E+01  0.11247867E+02
  0.55484648E+01  0.11098715E+02
  0.55655789E+01  0.10950196E+02
  0.55826930E+01  0.10802377E+02
  0.55998071E+01  0.10655323E+02
  0.56169212E+01  0.10509101E+02
  0.56340353E+01  0.10363779E+02
  0.56511494E+01  0.10219427E+02
  0.56682635E+01  0.10076113E+02
  0.56853776E+01  0.99339057E+01
  0.57024917E+01  0.97928747E+01
  0.57196058E+01  0.96530856E+01
  0.57367199E+01  0.95146013E+01
  0.57538340E+01  0.93774795E+01
  0.57709481E+01  0.92417714E+01
  0.57880622E+01  0.91075199E+01
  0.58051763E+01  0.89747586E+01
  0.58222904E+01  0.88435108E+01
  0.58394045E+01  0.87137895E+01
  0.58565186E+01  0.85855973E+01
  0.58736327E+01  0.84589273E+01
  0.58907468E+01  0.83337645E+01
  0.59078609E+01  0.82100868E+01
  0.59249750E+01  0.80878669E+01
  0.59420892E+01  0.79670748E+01
  0.59592033E+01  0.78476798E+01
  0.59763174E+01  0.77296526E+01
  0.59934315E+01  0.76129681E+01
  0.60105456E+01  0.74976069E+01
  0.60276597E+01  0.73835571E+01
  0.60447738E+01  0.72708153E+01
  0.60618879E+01  0.71593878E+01
  0.60790020E+01  0.70492905E+01
  0.60961161E+01  0.69405494E+01
  0.61132302E+01  0.68332006E+01
  0.61303443E+01  0.67272907E+01
  0.61474584E+01  0.66228784E+01
  0.61645725E+01  0.65200384E+01
  0.61816866E+01  0.64188711E+01
  0.61988007E+01  0.63195214E+01
  0.62159148E+01  0.62222179E+01
  0.62330289E+01  0.61290987E+01
  0.62501430E+01  0.62159211E+01
  0.62672571E+01  0.63053757E+01
  0.62843712E+01  0.63925410E+01
  0.63014853E+01  0.64771758E+01
  0.63185994E+01  0.65591788E+01
  0.63357135E+01  0.66384902E+01
  0.63528276E+01  0.67150729E+01
  0.63699417E+01  0.67889015E+01
  0.63870558E+01  0.68599539E+01
  0.64041699E+01  0.69282051E+01
  0.64212840E+01  0.69936254E+01
  0.64383981E+01  0.70561829E+01
  0.64555122E+01  0.71158452E+01
  0.64726263E+01  0.71725814E+01
  0.64897404E+01  0.72263625E+01
  0.65068545E+01  0.72771618E+01
  0.65239686E+01  0.73249546E+01
  0.65410827E+01  0.73697190E+01
  0.65581968E+01  0.74114378E+01
  0.65753109E+01  0.74501004E+01
  0.65924250E+01  0.74857058E+01
  0.66095391E+01  0.75182672E+01
  0.66266533E+01  0.75478155E+01
  0.66437674E+01  0.75744034E+01
  0.66608815E+01  0.75981087E+01
  0.66779956E+01  0.76190365E+01
  0.66951097E+01  0.76373203E+01
  0.67122238E+01  0.76531211E+01
  0.67293379E+01  0.76666247E+01
  0.67464520E+01  0.76780387E+01
  0.67635661E+01  0.76875867E+01
  0.67806802E+01  0.76955024E+01
  0.67977943E+01  0.77020233E+01
  0.68149084E+01  0.77073841E+01
  0.68320225E+01  0.77118102E+01
  0.68491366E+01  0.77155142E+01
  0.68662507E+01  0.77186962E+01
  0.68833648E+01  0.77215596E+01
  0.69004789E+01  0.77243896E+01
  0.69175930E+01  0.77279006E+01
  0.69347071E+01  0.77331594E+01
  0.69518212E+01  0.77392728E+01
  0.69689353E+01  0.77452008E+01
  0.69860494E+01  0.77506138E+01
  0.70031635E+01  0.77553719E+01
  0.70202776E+01  0.77593842E+01
  0.70373917E+01  0.77625799E+01
  0.70545058E+01  0.77649035E+01
  0.70716199E+01  0.77663143E+01
  0.70887340E+01  0.77667873E+01
  0.71057701E+01  0.77726392E+01
  0.71228062E+01  0.77901480E+01
  0.71398423E+01  0.78191859E+01
  0.71568784E+01  0.78596013E+01
  0.71739145E+01  0.79114437E+01
  0.71909505E+01  0.79756256E+01
  0.72079866E+01  0.80525753E+01
  0.72250227E+01  0.81400739E+01
  0.72420588E+01  0.82363895E+01
  0.72590949E+01  0.83404786E+01
  0.72761310E+01  0.84515325E+01
  0.72931671E+01  0.85688616E+01
  0.73102032E+01  0.86918637E+01
  0.73272392E+01  0.88200100E+01
  0.73442753E+01  0.89528342E+01
  0.73613114E+01  0.90899231E+01
  0.73783475E+01  0.92309072E+01
  0.73953836E+01  0.93754518E+01
  0.74124197E+01  0.95232485E+01
  0.74294558E+01  0.96740075E+01
  0.74464918E+01  0.98274509E+01
  0.74635279E+01  0.99833078E+01
  0.74805640E+01  0.10141311E+02
  0.74976001E+01  0.10301195E+02
  0.75146362E+01  0.10462699E+02
  0.75316723E+01  0.10625564E+02
  0.75487084E+01  0.10789542E+02
  0.75657445E+01  0.10954393E+02
  0.75827805E+01  0.11119890E+02
  0.75998166E+01  0.11285826E+02
  0.76168527E+01  0.11452010E+02
  0.76338888E+01  0.11618272E+02
  0.76509249E+01  0.11784462E+02
  0.76679610E+01  0.11950452E+02
  0.76849971E+01  0.12116129E+02
  0.77020332E+01  0.12281399E+02
  0.77190692E+01  0.12446181E+02
  0.77361053E+01  0.12610402E+02
  0.77531414E+01  0.12773995E+02
  0.77701775E+01  0.12936895E+02
  0.77872136E+01  0.13099036E+02
  0.78042497E+01  0.13260345E+02
  0.78212858E+01  0.13420743E+02
  0.78383218E+01  0.13580142E+02
  0.78553579E+01  0.13738443E+02
  0.78723940E+01  0.13895539E+02
  0.78894301E+01  0.14051311E+02
  0.79064662E+01  0.14205636E+02
  0.79235023E+01  0.14358382E+02
  0.79405384E+01  0.14509413E+02
  0.79575745E+01  0.14658592E+02
  0.79746105E+01  0.14805780E+02
  0.79916466E+01  0.14950839E+02
  0.80086827E+01  0.15093636E+02
  0.80257188E+01  0.15234040E+02
  0.80427549E+01  0.15371922E+02
  0.80597910E+01  0.15507158E+02
  0.80768271E+01  0.15639628E+02
  0.80938632E+01  0.15769214E+02
  0.81108992E+01  0.15895797E+02
  0.81279353E+01  0.16019263E+02
  0.81449714E+01  0.16139493E+02
  0.81620075E+01  0.16256370E+02
  0.81790436E+01  0.16369774E+02
  0.81960797E+01  0.16479583E+02
  0.82131158E+01  0.16585673E+02
  0.82301519E+01  0.16687919E+02
  0.82471879E+01  0.16786195E+02
  0.82642240E+01  0.16880374E+02
  0.82812601E+01  0.16970332E+02
  0.82982962E+01  0.17055944E+02
  0.83153323E+01  0.17137092E+02
  0.83323684E+01  0.17213657E+02
  0.83494045E+01  0.17285528E+02
  0.83664405E+01  0.17352598E+02
  0.83834766E+01  0.17414769E+02
  0.84005127E+01  0.17471946E+02
  0.84175488E+01  0.17524044E+02
  0.84345849E+01  0.17570981E+02
  0.84516210E+01  0.17612682E+02
  0.84686571E+01  0.17649071E+02
  0.84856932E+01  0.17680069E+02
  0.85027292E+01  0.17705593E+02
  0.85197653E+01  0.17725558E+02
  0.85368014E+01  0.17739885E+02
  0.85538375E+01  0.17748509E+02
  0.85708736E+01  0.17751388E+02
  
