0.0
0.017287144477831022
0.034574288955662044
0.051861433433493066
0.06914857791132409
0.08643572238915512
0.10372286686698613
0.12101001134481715
0.13829715582264818
0.1555843003004792
0.17287144477831023
0.19015858925614124
0.20744573373397227
0.2247328782118033
0.2420200226896343
0.2593071671674653
0.27659431164529635
0.2938814561231274
0.3111686006009584
0.32845574507878944
0.34574288955662047
0.36303003403445144
0.38031717851228247
0.3976043229901135
0.41489146746794453
0.43217861194577556
0.4494657564236066
0.4667529009014376
0.4840400453792686
0.5013271898570997
0.5186143343349306
0.5359014788127617
0.5531886232905927
0.5704757677684237
0.5877629122462548
0.6050500567240857
0.6223372012019168
0.6396243456797478
0.6569114901575789
0.6741986346354099
0.6914857791132409
0.7087729235910719
0.7260600680689029
0.743347212546734
0.7606343570245649
0.777921501502396
0.795208645980227
0.8124957904580581
0.8297829349358891
0.84707007941372
0.8643572238915511
0.8816443683693821
0.8989315128472132
0.9162186573250442
0.9335058018028752
0.9507929462807062
0.9680800907585372
0.9853672352363683
1.0026543797141994
1.0199415241920302
1.0372286686698613
1.0545158131476924
1.0718029576255235
1.0890901021033543
1.1063772465811854
1.1236643910590165
1.1409515355368474
1.1582386800146784
1.1755258244925095
1.1928129689703406
1.2101001134481715
1.2273872579260026
1.2446744024038336
1.2619615468816645
1.2792486913594956
1.2965358358373267
1.3138229803151578
1.3311101247929886
1.3483972692708197
1.3656844137486508
1.3829715582264819
1.4002587027043127
1.4175458471821438
1.434832991659975
1.4521201361378058
1.4694072806156369
1.486694425093468
1.503981569571299
1.5212687140491299
1.538555858526961
1.555843003004792
1.573130147482623
1.590417291960454
1.607704436438285
1.6249915809161162
1.642278725393947
1.6595658698717781
1.6768530143496092
1.69414015882744
1.7114273033052712
1.7288908472165494
1.7463543911278276
1.7638179350391059
1.7812814789503844
1.7987450228616626
1.8162085667729408
1.833672110684219
1.8511356545954973
1.8685991985067756
1.886062742418054
1.9035262863293323
1.9209898302406105
1.9384533741518888
1.955916918063167
1.9733804619744453
1.9908440058857235
2.008307549797002
2.02577109370828
2.0432346376195585
2.060698181530837
2.078161725442115
2.0956252693533934
2.1130888132646715
2.13055235717595
2.148015901087228
2.1654794449985064
2.182942988909785
2.200406532821063
2.2178700767323414
2.2353336206436194
2.252797164554898
2.270260708466176
2.2877242523774544
2.305187796288733
2.322651340200011
2.3401148841112893
2.357578428022568
2.375041971933846
2.392505515845124
2.4099690597564023
2.4274326036676808
2.444896147578959
2.4623596914902373
2.4798232354015157
2.4972867793127937
2.5147503232240718
2.5322138671353502
2.5496774110466287
2.5671409549579067
2.5841770414106957
2.601213127863485
2.6182492143162746
2.6352853007690635
2.6523213872218525
2.669357473674642
2.6863935601274314
2.7034296465802203
2.7204657330330093
2.7375018194857987
2.754537905938588
2.771573992391377
2.788610078844166
2.8056461652969555
2.822682251749745
2.839718338202534
2.856754424655323
2.8737905111081123
2.8908265975609018
2.9078626840136907
2.9248987704664797
2.941934856919269
2.9589709433720586
2.9760070298248475
2.9930431162776365
3.010079202730426
3.0271152891832154
3.0441513756360044
3.0611874620887933
3.0782235485415828
3.095259634994372
3.112295721447161
3.12933180789995
3.1463678943527396
3.163403980805529
3.180440067258318
3.197476153711107
3.2145122401638964
3.231548326616686
3.2485844130694748
3.2656204995222637
3.282656585975053
3.2996926724278426
3.3167287588806316
3.3337648453334205
3.35080093178621
3.3678370182389994
3.3848731046917884
3.4019091911445773
3.4189452775973668
3.435981364050156
3.453017450502945
3.470053536955734
3.4870896234085236
3.504125709861313
3.521161796314102
3.538197882766891
3.5552339692196804
3.57227005567247
3.589306142125259
3.6063422285780478
3.623378315030837
3.6404144014836266
3.6574504879364156
3.6744865743892046
3.691522660841994
3.7085587472947834
3.7255948337475724
3.7426309202003614
3.759667006653151
3.77670309310594
3.793739179558729
3.810775266011518
3.8278113524643076
3.844847438917097
3.861883525369886
3.878919611822675
3.8959556982754644
3.912991784728254
3.930027871181043
3.9470639576338318
3.964100044086621
3.9811361305394106
3.9981722169921996
4.015208303444989
4.0322443898977784
4.049280476350567
4.066775427849019
4.08427037934747
4.101765330845922
4.119260282344373
4.136755233842824
4.154250185341276
4.171745136839728
4.189240088338178
4.20673503983663
4.224229991335082
4.241724942833533
4.259219894331984
4.276714845830436
4.294209797328887
4.311704748827339
4.32919970032579
4.346694651824241
4.364189603322693
4.3816845548211445
4.399179506319595
4.416674457818047
4.434169409316499
4.4516643608149495
4.469159312313401
4.486654263811853
4.504149215310304
4.5216441668087555
4.538588991593956
4.555533816379157
4.572478641164357
4.589423465949558
4.606368290734759
4.623313115519959
4.64025794030516
4.657202765090361
4.674147589875562
4.691092414660763
4.7080372394459635
4.724982064231164
4.741926889016365
4.7588717138015655
4.775816538586766
4.792761363371967
4.809706188157167
4.826651012942368
4.843595837727569
4.860540662512769
4.87748548729797
4.894430312083171
4.911375136868371
4.928319961653572
4.945264786438773
4.962209611223974
4.979154436009175
4.9960992607943755
5.013044085579576
5.029988910364777
5.0469337351499775
5.063878559935178
5.080823384720379
5.097768209505579
5.11471303429078
5.131657859075981
5.148602683861181
5.165547508646382
5.182492333431583
5.199437158216783
5.216381983001984
5.233326807787185
5.250271632572385
5.267216457357587
5.2841612821427875
5.301106106927988
5.318050931713189
5.334995756498389
5.35194058128359
5.368885406068791
5.385830230853991
5.402775055639192
5.419719880424393
5.436664705209593
5.453609529994794
5.470554354779995
5.487499179565195
5.504444004350396
5.5213888291355975
5.538333653920798
5.555278478705999
5.572223303491199
5.5891681282764
5.606112953061601
5.623057777846801
5.640002602632002
5.656947427417203
5.673892252202403
5.690837076987604
5.707781901772805
5.724726726558005
5.741671551343206
5.758616376128407
5.775561200913607
5.792506025698808
5.8094508504840086
5.826395675269209
5.84334050005441
5.860285324839611
5.877230149624812
5.894174974410013
5.911119799195213
5.928064623980414
5.945009448765615
5.961954273550815
5.978899098336016
5.995843923121217
6.012788747906417
6.029733572691618
6.046678397476819
6.063623222262019
6.080568047047221
6.097512871832421
6.114457696617622
6.131402521402823
6.148347346188023
6.165292170973224
6.182236995758425
6.199181820543625
6.216126645328826
6.233071470114027
6.250185743147079
6.267300016180132
6.284414289213185
6.301528562246237
6.31864283527929
6.335757108312343
6.352871381345396
6.369985654378448
6.3870999274115015
6.404214200444554
6.421328473477606
6.438442746510659
6.455557019543712
6.472671292576765
6.489785565609817
6.50689983864287
6.524014111675923
6.541128384708975
6.558242657742028
6.575356930775081
6.592471203808134
6.609585476841186
6.6266997498742395
6.643814022907292
6.660928295940344
6.678042568973397
6.69515684200645
6.712271115039503
6.729385388072555
6.746499661105608
6.763613934138661
6.780728207171713
6.797842480204766
6.814956753237819
6.832071026270872
6.849185299303924
6.866299572336977
6.88341384537003
6.9005281184030824
6.917642391436135
6.934756664469187
6.951870937502241
6.968985210535293
6.986099483568346
7.003213756601399
7.0203280296344515
7.037442302667504
7.054556575700557
7.07167084873361
7.088785121766662
7.105438374816018
7.122091627865374
7.13874488091473
7.155398133964085
7.172051387013441
7.188704640062797
7.2053578931121525
7.222011146161508
7.2386643992108635
7.25531765226022
7.271970905309575
7.288624158358931
7.305277411408286
7.321930664457643
7.338583917506998
7.355237170556354
7.371890423605709
7.388543676655066
7.405196929704421
7.421850182753777
7.438503435803133
7.4551566888524885
7.471809941901844
7.4884631949511995
7.505116448000556
7.521769701049911
7.538422954099267
7.555076207148622
7.571729460197979
7.588382713247334
7.60503596629669
7.621689219346045
7.638342472395402
7.654995725444757
7.671648978494113
7.688302231543469
7.7049554845928245
7.72160873764218
7.7382619906915355
7.754915243740892
7.771568496790247
7.788221749839603
7.804875002888958
7.821528255938315
7.83818150898767
7.854834762037026
7.871488015086381
7.888141268135738
7.904794521185093
7.921447774234449
7.938101027283805
7.954754280333161
7.971407533382516
7.988060786431872
8.004714039481227
8.021367292530583
8.03802054557994
8.054673798629295
8.07132705167865
8.087980304728006
8.104633557777362
8.121286810826717
8.137940063876073
8.154593316925428
8.171246569974786
8.187899823024141
8.204553076073497
8.221206329122852
8.237859582172208
8.254512835221563
8.271166088270919
8.287819341320276
8.304472594369631
8.321125847418987
8.337779100468342
8.354432353517698
8.371085606567053
8.387738859616409
8.404392112665764
8.421045365715122
8.437698618764477
8.454351871813833
8.471005124863188
8.487658377912544
8.5043116309619
8.520964884011255
8.537618137060612
8.554271390109967
8.570924643159323
