0.0
0.01711624512633063
0.03423249025266126
0.051348735378991886
0.06846498050532251
0.08558122563165314
0.10269747075798377
0.1198137158843144
0.13692996101064503
0.15404620613697567
0.1711624512633063
0.1882786963896369
0.20539494151596754
0.2225111866422982
0.2396274317686288
0.2567436768949594
0.27385992202129006
0.2909761671476207
0.30809241227395134
0.32520865740028193
0.3423249025266126
0.3594411476529432
0.3765573927792738
0.39367363790560445
0.4107898830319351
0.42790612815826573
0.4450223732845964
0.46213861841092696
0.4792548635372576
0.49637110866358825
0.5134873537899188
0.5306035989162495
0.5477198440425801
0.5648360891689107
0.5819523342952414
0.599068579421572
0.6161848245479027
0.6333010696742333
0.6504173148005639
0.6675335599268946
0.6846498050532251
0.7017660501795557
0.7188822953058864
0.735998540432217
0.7531147855585476
0.7702310306848783
0.7873472758112089
0.8044635209375396
0.8215797660638702
0.8386960111902008
0.8558122563165315
0.872928501442862
0.8900447465691927
0.9071609916955233
0.9242772368218539
0.9413934819481846
0.9585097270745152
0.9756259722008458
0.9927422173271765
1.0098584624535072
1.0269747075798377
1.0440909527061684
1.061207197832499
1.0783234429588295
1.0954396880851602
1.112555933211491
1.1296721783378214
1.146788423464152
1.1639046685904828
1.1810209137168133
1.198137158843144
1.2152534039694747
1.2323696490958054
1.2494858942221359
1.2666021393484665
1.2837183844747972
1.3008346296011277
1.3179508747274584
1.3350671198537891
1.3521833649801196
1.3692996101064503
1.386415855232781
1.4035321003591115
1.4206483454854422
1.4377645906117729
1.4548808357381033
1.471997080864434
1.4891133259907647
1.5062295711170952
1.523345816243426
1.5404620613697566
1.5575783064960873
1.5746945516224178
1.5918107967487485
1.6089270418750792
1.6260432870014097
1.6431595321277404
1.660275777254071
1.6773920223804015
1.6945082675067322
1.711624512633063
1.7287407577593936
1.745857002885724
1.7629732480120548
1.7800894931383855
1.7972057382647162
1.8143219833910467
1.8314382285173774
1.848554473643708
1.8656707187700388
1.8827869638963692
1.8999032090227
1.9170194541490306
1.934135699275361
1.9512519444016918
1.9683681895280225
1.985484434654353
2.002600679780684
2.0197169249070144
2.036833170033345
2.0539494151596758
2.0710656602860062
2.0881819054123367
2.1052981505386676
2.122414395664998
2.139530640791329
2.1566468859176595
2.17376313104399
2.1908793761703205
2.2079956212966514
2.225111866422982
2.242228111549313
2.2593443566756433
2.2764606018019737
2.2935768469283047
2.310693092054635
2.327809337180966
2.3449255823072965
2.362041827433627
2.3791580725599575
2.3962743176862884
2.413390562812619
2.43050680793895
2.4476230530652803
2.4647392981916108
2.4818555433179417
2.498971788444272
2.516088033570603
2.5332042786969335
2.550320523823264
2.5674367689495945
2.5844748184861506
2.601512868022707
2.618550917559263
2.6355889670958192
2.6526270166323758
2.669665066168932
2.686703115705488
2.7037411652420444
2.7207792147786005
2.7378172643151566
2.754855313851713
2.771893363388269
2.7889314129248253
2.805969462461382
2.823007511997938
2.840045561534494
2.8570836110710505
2.8741216606076065
2.8911597101441626
2.908197759680719
2.925235809217275
2.9422738587538313
2.959311908290388
2.976349957826944
2.9933880073635
3.0104260569000565
3.0274641064366126
3.0445021559731686
3.061540205509725
3.0785782550462812
3.0956163045828378
3.112654354119394
3.12969240365595
3.1467304531925064
3.1637685027290625
3.1808065522656186
3.197844601802175
3.214882651338731
3.2319207008752873
3.248958750411844
3.2659967999484
3.283034849484956
3.3000728990215125
3.3171109485580685
3.3341489980946246
3.351187047631181
3.368225097167737
3.3852631467042933
3.40230119624085
3.419339245777406
3.436377295313962
3.4534153448505185
3.4704533943870746
3.4874914439236306
3.504529493460187
3.5215675429967432
3.5386055925332993
3.555643642069856
3.572681691606412
3.589719741142968
3.6067577906795245
3.6237958402160806
3.6408338897526367
3.657871939289193
3.6749099888257493
3.6919480383623053
3.708986087898862
3.726024137435418
3.743062186971974
3.7601002365085305
3.7771382860450866
3.7941763355816427
3.811214385118199
3.8282524346547553
3.8452904841913114
3.862328533727868
3.879366583264424
3.89640463280098
3.9134426823375366
3.9304807318740926
3.9475187814106487
3.9645568309472052
3.9815948804837613
3.9986329300203174
4.015670979556874
4.03270902909343
4.049747078629986
