0.0
0.017287145089637128
0.034574290179274256
0.051861435268911384
0.06914858035854851
0.08643572544818565
0.10372287053782277
0.12101001562745989
0.13829716071709702
0.15558430580673416
0.1728714508963713
0.1901585959860084
0.20744574107564553
0.22473288616528267
0.24202003125491978
0.2593071763445569
0.27659432143419405
0.2938814665238312
0.3111686116134683
0.32845575670310545
0.3457429017927426
0.36303004688237966
0.3803171919720168
0.39760433706165393
0.41489148215129107
0.4321786272409282
0.44946577233056534
0.4667529174202025
0.48404006250983955
0.5013272075994767
0.5186143526891138
0.535901497778751
0.5531886428683881
0.5704757879580252
0.5877629330476624
0.6050500781372995
0.6223372232269366
0.6396243683165738
0.6569115134062109
0.674198658495848
0.6914858035854852
0.7087729486751222
0.7260600937647593
0.7433472388543965
0.7606343839440336
0.7779215290336707
0.7952086741233079
0.812495819212945
0.8297829643025821
0.8470701093922193
0.8643572544818564
0.8816443995714935
0.8989315446611307
0.9162186897507678
0.933505834840405
0.9507929799300421
0.9680801250196791
0.9853672701093162
1.0026544151989534
1.0199415602885906
1.0372287053782276
1.054515850467865
1.071802995557502
1.0890901406471392
1.1063772857367762
1.1236644308264132
1.1409515759160505
1.1582387210056875
1.1755258660953247
1.1928130111849617
1.210100156274599
1.227387301364236
1.2446744464538733
1.2619615915435103
1.2792487366331475
1.2965358817227846
1.3138230268124218
1.3311101719020588
1.348397316991696
1.365684462081333
1.3829716071709703
1.4002587522606074
1.4175458973502444
1.4348330424398816
1.4521201875295187
1.469407332619156
1.486694477708793
1.5039816227984302
1.5212687678880672
1.5385559129777044
1.5558430580673415
1.5731302031569787
1.5904173482466157
1.607704493336253
1.62499163842589
1.6422787835155273
1.6595659286051643
1.6768530736948013
1.6941402187844385
1.7114273638740758
1.7288909084034032
1.7463544529327304
1.7638179974620578
1.781281541991385
1.7987450865207124
1.8162086310500396
1.833672175579367
1.8511357201086942
1.8685992646380216
1.8860628091673488
1.9035263536966762
1.9209898982260034
1.9384534427553308
1.9559169872846582
1.9733805318139854
1.9908440763433126
2.00830762087264
2.0257711654019674
2.0432347099312946
2.060698254460622
2.0781617989899495
2.0956253435192767
2.113088888048604
2.130552432577931
2.1480159771072587
2.165479521636586
2.182943066165913
2.2004066106952402
2.217870155224568
2.235333699753895
2.2527972442832223
2.27026078881255
2.287724333341877
2.3051878778712043
2.3226514224005315
2.3401149669298587
2.3575785114591863
2.3750420559885135
2.3925056005178407
2.4099691450471683
2.4274326895764955
2.4448962341058227
2.4623597786351503
2.4798233231644775
2.4972868676938047
2.514750412223132
2.532213956752459
2.5496775012817867
2.567141045811114
2.584177132866824
2.6012132199225344
2.618249306978244
2.6352853940339545
2.6523214810896647
2.669357568145375
2.686393655201085
2.703429742256795
2.7204658293125052
2.7375019163682155
2.7545380034239257
2.771574090479636
2.788610177535346
2.805646264591056
2.8226823516467663
2.8397184387024765
2.856754525758187
2.873790612813897
2.890826699869607
2.907862786925317
2.9248988739810273
2.9419349610367376
2.9589710480924474
2.9760071351481576
2.993043222203868
3.010079309259578
3.0271153963152884
3.0441514833709986
3.0611875704267084
3.0782236574824187
3.095259744538129
3.112295831593839
3.129331918649549
3.146368005705259
3.1634040927609695
3.1804401798166797
3.19747626687239
3.2145123539281
3.2315484409838104
3.2485845280395202
3.2656206150952305
3.2826567021509407
3.2996927892066505
3.316728876262361
3.333764963318071
3.3508010503737813
3.3678371374294915
3.384873224485202
3.401909311540912
3.418945398596622
3.435981485652332
3.4530175727080423
3.4700536597637526
3.4870897468194624
3.5041258338751726
3.521161920930883
3.538198007986593
3.5552340950423034
3.5722701820980136
3.589306269153724
3.6063423562094337
3.623378443265144
3.6404145303208537
3.657450617376564
3.674486704432274
3.6915227914879845
3.7085588785436947
3.725594965599405
3.742631052655115
3.7596671397108254
3.7767032267665352
3.7937393138222455
3.8107754008779553
3.8278114879336655
3.844847574989376
3.861883662045086
3.8789197491007963
3.8959558361565065
3.912991923212217
3.930028010267927
3.947064097323637
3.964100184379347
3.9811362714350573
3.998172358490767
4.015208445546477
4.032244532602188
4.049280619657898
4.066775571348394
4.084270523038891
4.101765474729388
4.119260426419884
4.136755378110381
4.1542503298008775
4.171745281491374
4.189240233181871
4.206735184872367
4.224230136562864
4.241725088253361
4.259220039943857
4.276714991634353
4.29420994332485
4.311704895015347
4.329199846705843
4.3466947983963395
4.364189750086837
4.381684701777333
4.399179653467829
4.4166746051583265
4.434169556848823
4.451664508539319
4.469159460229816
4.486654411920313
4.504149363610809
4.521644315301306
4.538589140686198
4.55553396607109
4.572478791455982
4.5894236168408735
4.606368442225765
4.623313267610658
4.640258092995549
4.657202918380441
4.6741477437653325
4.691092569150225
4.708037394535117
4.724982219920008
4.7419270453049
4.758871870689792
4.775816696074684
4.792761521459576
4.809706346844467
4.82665117222936
4.843595997614251
4.860540822999143
4.8774856483840345
4.894430473768927
4.911375299153819
4.92832012453871
4.945264949923602
4.962209775308494
4.979154600693386
4.996099426078278
5.013044251463169
5.029989076848062
5.046933902232953
5.063878727617845
5.080823553002737
5.097768378387629
5.114713203772521
5.131658029157412
5.148602854542304
5.165547679927196
5.182492505312088
5.19943733069698
5.216382156081871
5.233326981466764
5.250271806851655
5.267216632236547
5.284161457621439
5.301106283006331
5.318051108391223
5.334995933776114
5.351940759161007
5.3688855845458985
5.38583040993079
5.402775235315682
5.419720060700573
5.436664886085466
5.4536097114703574
5.470554536855249
5.487499362240142
5.504444187625033
5.521389013009925
5.538333838394816
5.555278663779708
5.5722234891646005
5.589168314549492
5.606113139934384
5.623057965319276
5.640002790704168
5.6569476160890595
5.673892441473951
5.690837266858843
5.707782092243735
5.724726917628627
5.7416717430135185
5.758616568398411
5.775561393783303
5.792506219168194
5.809451044553086
5.826395869937977
5.84334069532287
5.8602855207077615
5.877230346092653
5.894175171477546
5.911119996862437
5.928064822247329
5.9450096476322205
5.961954473017112
5.978899298402005
5.995844123786896
6.012788949171788
6.02973377455668
6.046678599941572
6.063623425326464
6.080568250711355
6.097513076096247
6.114457901481139
6.131402726866031
6.148347552250923
6.165292377635815
6.182237203020707
6.199182028405598
6.21612685379049
6.2330716791753815
6.250185952814122
6.267300226452863
6.284414500091604
6.301528773730345
6.318643047369085
6.335757321007826
6.352871594646567
6.369985868285307
6.387100141924049
6.404214415562789
6.4213286892015295
6.438442962840271
6.455557236479011
6.4726715101177525
6.489785783756493
6.506900057395233
6.524014331033975
6.541128604672715
6.558242878311456
6.575357151950197
6.592471425588937
6.6095856992276785
6.626699972866419
6.64381424650516
6.660928520143901
6.678042793782641
6.695157067421382
6.712271341060123
6.729385614698864
6.746499888337604
6.763614161976345
6.780728435615086
6.7978427092538265
6.814956982892568
6.832071256531308
6.849185530170049
6.86629980380879
6.88341407744753
6.900528351086271
6.917642624725012
6.934756898363752
6.951871172002494
6.968985445641234
6.986099719279975
7.003213992918716
7.020328266557456
7.0374425401961975
7.054556813834938
7.071671087473678
7.08878536111242
7.105438614751147
7.122091868389876
7.138745122028603
7.155398375667331
7.172051629306059
7.188704882944787
7.205358136583515
7.222011390222243
7.238664643860971
7.255317897499698
7.271971151138427
7.2886244047771545
7.305277658415882
7.3219309120546106
7.338584165693338
7.355237419332067
7.371890672970794
7.388543926609522
7.4051971802482495
7.421850433886978
7.438503687525706
7.455156941164434
7.471810194803162
7.488463448441889
7.505116702080618
7.521769955719345
7.538423209358073
7.5550764629968015
7.571729716635529
7.588382970274257
7.605036223912985
7.621689477551713
7.63834273119044
7.654995984829169
7.6716492384678965
7.688302492106624
7.704955745745353
7.72160899938408
7.738262253022808
7.754915506661536
7.771568760300264
7.7882220139389915
7.80487526757772
7.821528521216448
7.838181774855176
7.854835028493904
7.871488282132631
7.888141535771359
7.904794789410087
7.921448043048815
7.9381012966875435
7.954754550326271
7.971407803964999
7.988061057603726
8.004714311242454
8.021367564881183
8.038020818519911
8.054674072158639
8.071327325797366
8.087980579436094
8.104633833074821
8.12128708671355
8.137940340352278
8.154593593991006
8.171246847629734
8.187900101268461
8.20455335490719
8.221206608545918
8.237859862184646
8.254513115823373
8.271166369462101
8.287819623100829
8.304472876739556
8.321126130378286
8.337779384017013
8.35443263765574
8.371085891294468
8.387739144933196
8.404392398571925
8.421045652210653
8.43769890584938
8.454352159488108
8.471005413126836
8.487658666765565
8.504311920404293
8.52096517404302
8.537618427681748
8.554271681320476
8.570924934959203
