  0.00000000E+00 -0.30654857E+01
  0.17114103E-01 -0.30647672E+01
  0.34228205E-01 -0.30626089E+01
  0.51342308E-01 -0.30590112E+01
  0.68456410E-01 -0.30539749E+01
  0.85570513E-01 -0.30475012E+01
  0.10268462E+00 -0.30395919E+01
  0.11979872E+00 -0.30302496E+01
  0.13691282E+00 -0.30194777E+01
  0.15402692E+00 -0.30072802E+01
  0.17114103E+00 -0.29936619E+01
  0.18825513E+00 -0.29786279E+01
  0.20536923E+00 -0.29621835E+01
  0.22248333E+00 -0.29443337E+01
  0.23959744E+00 -0.29250829E+01
  0.25671154E+00 -0.29044342E+01
  0.27382564E+00 -0.28823893E+01
  0.29093974E+00 -0.28589483E+01
  0.30805385E+00 -0.28341089E+01
  0.32516795E+00 -0.28078669E+01
  0.34228205E+00 -0.27802161E+01
  0.35939615E+00 -0.27511485E+01
  0.37651026E+00 -0.27206548E+01
  0.39362436E+00 -0.26887249E+01
  0.41073846E+00 -0.26553484E+01
  0.42785256E+00 -0.26205154E+01
  0.44496667E+00 -0.25842169E+01
  0.46208077E+00 -0.25464450E+01
  0.47919487E+00 -0.25071937E+01
  0.49630897E+00 -0.24664583E+01
  0.51342308E+00 -0.24242353E+01
  0.53053718E+00 -0.23805221E+01
  0.54765128E+00 -0.23353161E+01
  0.56476538E+00 -0.22886137E+01
  0.58187949E+00 -0.22404093E+01
  0.59899359E+00 -0.21906944E+01
  0.61610769E+00 -0.21394562E+01
  0.63322179E+00 -0.20866770E+01
  0.65033590E+00 -0.20323336E+01
  0.66745000E+00 -0.19763965E+01
  0.68456410E+00 -0.19188307E+01
  0.70167820E+00 -0.18595954E+01
  0.71879231E+00 -0.17986452E+01
  0.73590641E+00 -0.17359308E+01
  0.75302051E+00 -0.16714012E+01
  0.77013461E+00 -0.16050043E+01
  0.78724872E+00 -0.15366894E+01
  0.80436282E+00 -0.14664084E+01
  0.82147692E+00 -0.13941177E+01
  0.83859102E+00 -0.13197791E+01
  0.85570513E+00 -0.12433612E+01
  0.87281923E+00 -0.11648401E+01
  0.88993333E+00 -0.10841994E+01
  0.90704743E+00 -0.10014306E+01
  0.92416154E+00 -0.91653243E+00
  0.94127564E+00 -0.82951050E+00
  0.95838974E+00 -0.74037638E+00
  0.97550384E+00 -0.64914689E+00
  0.99261795E+00 -0.55584325E+00
  0.10097320E+01 -0.46049043E+00
  0.10268462E+01 -0.36311663E+00
  0.10439603E+01 -0.26375304E+00
  0.10610744E+01 -0.16243381E+00
  0.10781885E+01 -0.59196297E-01
  0.10953026E+01  0.45918458E-01
  0.11124167E+01  0.15286514E+00
  0.11295308E+01  0.26159345E+00
  0.11466449E+01  0.37204743E+00
  0.11637590E+01  0.48416486E+00
  0.11808731E+01  0.59787681E+00
  0.11979872E+01  0.71310747E+00
  0.12151013E+01  0.82977417E+00
  0.12322154E+01  0.94778774E+00
  0.12493295E+01  0.10670530E+01
  0.12664436E+01  0.11874697E+01
  0.12835577E+01  0.13089332E+01
  0.13006718E+01  0.14313355E+01
  0.13177859E+01  0.15545661E+01
  0.13349000E+01  0.16785128E+01
  0.13520141E+01  0.18030615E+01
  0.13691282E+01  0.19280970E+01
  0.13862423E+01  0.20535019E+01
  0.14033564E+01  0.21791556E+01
  0.14204705E+01  0.23049330E+01
  0.14375846E+01  0.24307017E+01
  0.14546987E+01  0.25563191E+01
  0.14718128E+01  0.26816281E+01
  0.14889269E+01  0.28064515E+01
  0.15060410E+01  0.29305847E+01
  0.15231551E+01  0.30537847E+01
  0.15402692E+01  0.31757547E+01
  0.15573833E+01  0.32961200E+01
  0.15744974E+01  0.34143890E+01
  0.15916115E+01  0.35298889E+01
  0.16087256E+01  0.36416548E+01
  0.16258397E+01  0.37482352E+01
  0.16429538E+01  0.38473525E+01
  0.16600679E+01  0.39353556E+01
  0.16771820E+01  0.40065732E+01
  0.16942962E+01  0.40534665E+01
  0.17114103E+01  0.40696130E+01
  0.17285244E+01  0.40548557E+01
  0.17456385E+01  0.40159015E+01
  0.17627526E+01  0.39610682E+01
  0.17798667E+01  0.38967685E+01
  0.17969808E+01  0.38271001E+01
  0.18140949E+01  0.37545455E+01
  0.18312090E+01  0.36806162E+01
  0.18483231E+01  0.36062586E+01
  0.18654372E+01  0.35320858E+01
  0.18825513E+01  0.34585095E+01
  0.18996654E+01  0.33858165E+01
  0.19167795E+01  0.33142134E+01
  0.19338936E+01  0.32438551E+01
  0.19510077E+01  0.31748614E+01
  0.19681218E+01  0.31073290E+01
  0.19852359E+01  0.30413380E+01
  0.20023500E+01  0.29769574E+01
  0.20194641E+01  0.29142478E+01
  0.20365782E+01  0.28532632E+01
  0.20536923E+01  0.27940523E+01
  0.20708064E+01  0.27366588E+01
  0.20879205E+01  0.26811215E+01
  0.21050346E+01  0.26274744E+01
  0.21221487E+01  0.25757460E+01
  0.21392628E+01  0.25259597E+01
  0.21563769E+01  0.24781329E+01
  0.21734910E+01  0.24322774E+01
  0.21906051E+01  0.23883994E+01
  0.22077192E+01  0.23464998E+01
  0.22248333E+01  0.23065750E+01
  0.22419474E+01  0.22686173E+01
  0.22590615E+01  0.22326162E+01
  0.22761756E+01  0.21985594E+01
  0.22932897E+01  0.21664340E+01
  0.23104038E+01  0.21362276E+01
  0.23275179E+01  0.21079294E+01
  0.23446320E+01  0.20815313E+01
  0.23617462E+01  0.20570284E+01
  0.23788603E+01  0.20344200E+01
  0.23959744E+01  0.20137094E+01
  0.24130885E+01  0.19949039E+01
  0.24302026E+01  0.19780146E+01
  0.24473167E+01  0.19630556E+01
  0.24644308E+01  0.19500431E+01
  0.24815449E+01  0.19389946E+01
  0.24986590E+01  0.19299271E+01
  0.25157731E+01  0.19228568E+01
  0.25328872E+01  0.19177972E+01
  0.25500013E+01  0.19147587E+01
  0.25671154E+01  0.19137477E+01
  0.25841515E+01  0.19043366E+01
  0.26011876E+01  0.18768477E+01
  0.26182236E+01  0.18332252E+01
  0.26352597E+01  0.17759757E+01
  0.26522958E+01  0.17075979E+01
  0.26693319E+01  0.16302685E+01
  0.26863680E+01  0.15457476E+01
  0.27034041E+01  0.14553987E+01
  0.27204402E+01  0.13602522E+01
  0.27374763E+01  0.12610772E+01
  0.27545123E+01  0.11584471E+01
  0.27715484E+01  0.10527986E+01
  0.27885845E+01  0.94448198E+00
  0.28056206E+01  0.83380371E+00
  0.28226567E+01  0.72106192E+00
  0.28396928E+01  0.60657415E+00
  0.28567289E+01  0.49069754E+00
  0.28737649E+01  0.37384098E+00
  0.28908010E+01  0.25646943E+00
  0.29078371E+01  0.13910067E+00
  0.29248732E+01  0.22295178E-01
  0.29419093E+01 -0.93359675E-01
  0.29589454E+01 -0.20726972E+00
  0.29759815E+01 -0.31885659E+00
  0.29930176E+01 -0.42758097E+00
  0.30100536E+01 -0.53296474E+00
  0.30270897E+01 -0.63461022E+00
  0.30441258E+01 -0.73221520E+00
  0.30611619E+01 -0.82558262E+00
  0.30781980E+01 -0.91462451E+00
  0.30952341E+01 -0.99935982E+00
  0.31122702E+01 -0.10799068E+01
  0.31293062E+01 -0.11564705E+01
  0.31463423E+01 -0.12293262E+01
  0.31633784E+01 -0.12988010E+01
  0.31804145E+01 -0.13652533E+01
  0.31974506E+01 -0.14290534E+01
  0.32144867E+01 -0.14905652E+01
  0.32315228E+01 -0.15501300E+01
  0.32485589E+01 -0.16080542E+01
  0.32655949E+01 -0.16645999E+01
  0.32826310E+01 -0.17199801E+01
  0.32996671E+01 -0.17743565E+01
  0.33167032E+01 -0.18278419E+01
  0.33337393E+01 -0.18805037E+01
  0.33507754E+01 -0.19323710E+01
  0.33678115E+01 -0.19834412E+01
  0.33848476E+01 -0.20336887E+01
  0.34018836E+01 -0.20830722E+01
  0.34189197E+01 -0.21315421E+01
  0.34359558E+01 -0.21790463E+01
  0.34529919E+01 -0.22255348E+01
  0.34700280E+01 -0.22709628E+01
  0.34870641E+01 -0.23152926E+01
  0.35041002E+01 -0.23584943E+01
  0.35211362E+01 -0.24005447E+01
  0.35381723E+01 -0.24414268E+01
  0.35552084E+01 -0.24811278E+01
  0.35722445E+01 -0.25196376E+01
  0.35892806E+01 -0.25569471E+01
  0.36063167E+01 -0.25930468E+01
  0.36233528E+01 -0.26279260E+01
  0.36403889E+01 -0.26615724E+01
  0.36574249E+01 -0.26939715E+01
  0.36744610E+01 -0.27251075E+01
  0.36914971E+01 -0.27549633E+01
  0.37085332E+01 -0.27835213E+01
  0.37255693E+01 -0.28107641E+01
  0.37426054E+01 -0.28366753E+01
  0.37596415E+01 -0.28612395E+01
  0.37766775E+01 -0.28844433E+01
  0.37937136E+01 -0.29062752E+01
  0.38107497E+01 -0.29267255E+01
  0.38277858E+01 -0.29457865E+01
  0.38448219E+01 -0.29634521E+01
  0.38618580E+01 -0.29797174E+01
  0.38788941E+01 -0.29945788E+01
  0.38959302E+01 -0.30080332E+01
  0.39129662E+01 -0.30200782E+01
  0.39300023E+01 -0.30307117E+01
  0.39470384E+01 -0.30399318E+01
  0.39640745E+01 -0.30477367E+01
  0.39811106E+01 -0.30541248E+01
  0.39981467E+01 -0.30590948E+01
  0.40151828E+01 -0.30626455E+01
  0.40322189E+01 -0.30647760E+01
  0.40492549E+01 -0.30654857E+01
  0.40661251E+01 -0.30643393E+01
  0.40829952E+01 -0.30611020E+01
  0.40998653E+01 -0.30557896E+01
  0.41167355E+01 -0.30484262E+01
  0.41336056E+01 -0.30390441E+01
  0.41504757E+01 -0.30276834E+01
  0.41673459E+01 -0.30143922E+01
  0.41842160E+01 -0.29992257E+01
  0.42010861E+01 -0.29822461E+01
  0.42179563E+01 -0.29635223E+01
  0.42348264E+01 -0.29431291E+01
  0.42516965E+01 -0.29211471E+01
  0.42685667E+01 -0.28976624E+01
  0.42854368E+01 -0.28727655E+01
  0.43023069E+01 -0.28465513E+01
  0.43191771E+01 -0.28191186E+01
  0.43360472E+01 -0.27905693E+01
  0.43529173E+01 -0.27610083E+01
  0.43697874E+01 -0.27305425E+01
  0.43866576E+01 -0.26992810E+01
  0.44035277E+01 -0.26673341E+01
  0.44203978E+01 -0.26348129E+01
  0.44372680E+01 -0.26018292E+01
  0.44541381E+01 -0.25684950E+01
  0.44710082E+01 -0.25349226E+01
  0.44878784E+01 -0.25012253E+01
  0.45047485E+01 -0.24675279E+01
  0.45216186E+01 -0.24353767E+01
  0.45387327E+01 -0.24344879E+01
  0.45558468E+01 -0.24318260E+01
  0.45729609E+01 -0.24273991E+01
  0.45900750E+01 -0.24212203E+01
  0.46071891E+01 -0.24133084E+01
  0.46243033E+01 -0.24036935E+01
  0.46414174E+01 -0.23924690E+01
  0.46585315E+01 -0.23799654E+01
  0.46756456E+01 -0.23660021E+01
  0.46927597E+01 -0.23503376E+01
  0.47098738E+01 -0.23329295E+01
  0.47269879E+01 -0.23137662E+01
  0.47441020E+01 -0.22928473E+01
  0.47612161E+01 -0.22701796E+01
  0.47783302E+01 -0.22457763E+01
  0.47954443E+01 -0.22196550E+01
  0.48125584E+01 -0.21918360E+01
  0.48296725E+01 -0.21623417E+01
  0.48467866E+01 -0.21311946E+01
  0.48639007E+01 -0.20984219E+01
  0.48810148E+01 -0.20641124E+01
  0.48981289E+01 -0.20284280E+01
  0.49152430E+01 -0.19911176E+01
  0.49323571E+01 -0.19520964E+01
  0.49494712E+01 -0.19113478E+01
  0.49665853E+01 -0.18688697E+01
  0.49836994E+01 -0.18246766E+01
  0.50008135E+01 -0.17788276E+01
  0.50179276E+01 -0.17314711E+01
  0.50350417E+01 -0.16826415E+01
  0.50521558E+01 -0.16322593E+01
  0.50692699E+01 -0.15802955E+01
  0.50863840E+01 -0.15267436E+01
  0.51034981E+01 -0.14716038E+01
  0.51206122E+01 -0.14148779E+01
  0.51377263E+01 -0.13565680E+01
  0.51548404E+01 -0.12966758E+01
  0.51719545E+01 -0.12352012E+01
  0.51890686E+01 -0.11721430E+01
  0.52061827E+01 -0.11074981E+01
  0.52232968E+01 -0.10412626E+01
  0.52404109E+01 -0.97343171E+00
  0.52575250E+01 -0.90400146E+00
  0.52746391E+01 -0.83296937E+00
  0.52917533E+01 -0.76033569E+00
  0.53088674E+01 -0.68610451E+00
  0.53259815E+01 -0.61028457E+00
  0.53430956E+01 -0.53288975E+00
  0.53602097E+01 -0.45393918E+00
  0.53773238E+01 -0.37345688E+00
  0.53944379E+01 -0.29147102E+00
  0.54115520E+01 -0.20801280E+00
  0.54286661E+01 -0.12311511E+00
  0.54457802E+01 -0.36810990E-01
  0.54628943E+01  0.50867856E-01
  0.54800084E+01  0.13989241E+00
  0.54971225E+01  0.23023737E+00
  0.55142366E+01  0.32188185E+00
  0.55313507E+01  0.41480936E+00
  0.55484648E+01  0.50900747E+00
  0.55655789E+01  0.60446668E+00
  0.55826930E+01  0.70117894E+00
  0.55998071E+01  0.79913577E+00
  0.56169212E+01  0.89832608E+00
  0.56340353E+01  0.99873407E+00
  0.56511494E+01  0.11003371E+01
  0.56682635E+01  0.12031041E+01
  0.56853776E+01  0.13069941E+01
  0.57024917E+01  0.14119558E+01
  0.57196058E+01  0.15179277E+01
  0.57367199E+01  0.16248386E+01
  0.57538340E+01  0.17326099E+01
  0.57709481E+01  0.18411572E+01
  0.57880622E+01  0.19503930E+01
  0.58051763E+01  0.20602298E+01
  0.58222904E+01  0.21705818E+01
  0.58394045E+01  0.22813665E+01
  0.58565186E+01  0.23925065E+01
  0.58736327E+01  0.25039284E+01
  0.58907468E+01  0.26155633E+01
  0.59078609E+01  0.27273443E+01
  0.59249750E+01  0.28392055E+01
  0.59420891E+01  0.29510785E+01
  0.59592032E+01  0.30628908E+01
  0.59763174E+01  0.31745625E+01
  0.59934315E+01  0.32860046E+01
  0.60105456E+01  0.33971171E+01
  0.60276597E+01  0.35077883E+01
  0.60447738E+01  0.36178948E+01
  0.60618879E+01  0.37273028E+01
  0.60790020E+01  0.38358697E+01
  0.60961161E+01  0.39434471E+01
  0.61132302E+01  0.40498845E+01
  0.61303443E+01  0.41550323E+01
  0.61474584E+01  0.42587452E+01
  0.61645725E+01  0.43608850E+01
  0.61816866E+01  0.44613196E+01
  0.61988007E+01  0.45599130E+01
  0.62159148E+01  0.46564419E+01
  0.62330289E+01  0.47420629E+01
  0.62501430E+01  0.46581698E+01
  0.62672571E+01  0.45670052E+01
  0.62843712E+01  0.44773705E+01
  0.63014853E+01  0.43893857E+01
  0.63185994E+01  0.43030747E+01
  0.63357135E+01  0.42184495E+01
  0.63528276E+01  0.41355227E+01
  0.63699417E+01  0.40543104E+01
  0.63870558E+01  0.39748326E+01
  0.64041699E+01  0.38971132E+01
  0.64212840E+01  0.38211790E+01
  0.64383981E+01  0.37470588E+01
  0.64555122E+01  0.36747821E+01
  0.64726263E+01  0.36043783E+01
  0.64897404E+01  0.35358755E+01
  0.65068545E+01  0.34692994E+01
  0.65239686E+01  0.34046731E+01
  0.65410827E+01  0.33420161E+01
  0.65581968E+01  0.32813441E+01
  0.65753109E+01  0.32226690E+01
  0.65924250E+01  0.31659987E+01
  0.66095391E+01  0.31113375E+01
  0.66266532E+01  0.30586860E+01
  0.66437674E+01  0.30080417E+01
  0.66608815E+01  0.29593991E+01
  0.66779956E+01  0.29127505E+01
  0.66951097E+01  0.28680859E+01
  0.67122238E+01  0.28253937E+01
  0.67293379E+01  0.27846611E+01
  0.67464520E+01  0.27458745E+01
  0.67635661E+01  0.27090200E+01
  0.67806802E+01  0.26740837E+01
  0.67977943E+01  0.26410518E+01
  0.68149084E+01  0.26092128E+01
  0.68320225E+01  0.25785013E+01
  0.68491366E+01  0.25497167E+01
  0.68662507E+01  0.25228674E+01
  0.68833648E+01  0.24979608E+01
  0.69004789E+01  0.24750041E+01
  0.69175930E+01  0.24540044E+01
  0.69347071E+01  0.24349691E+01
  0.69518212E+01  0.24179061E+01
  0.69689353E+01  0.24028231E+01
  0.69860494E+01  0.23897285E+01
  0.70031635E+01  0.23786303E+01
  0.70202776E+01  0.23695364E+01
  0.70373917E+01  0.23624541E+01
  0.70545058E+01  0.23573893E+01
  0.70716199E+01  0.23543470E+01
  0.70887340E+01  0.23533303E+01
  0.71057701E+01  0.23478863E+01
  0.71228062E+01  0.23317425E+01
  0.71398423E+01  0.23053967E+01
  0.71568784E+01  0.22695709E+01
  0.71739145E+01  0.22251327E+01
  0.71909505E+01  0.21730331E+01
  0.72079866E+01  0.21142508E+01
  0.72250227E+01  0.20497434E+01
  0.72420588E+01  0.19804102E+01
  0.72590949E+01  0.19070671E+01
  0.72761310E+01  0.18304329E+01
  0.72931671E+01  0.17511252E+01
  0.73102031E+01  0.16696640E+01
  0.73272392E+01  0.15864764E+01
  0.73442753E+01  0.15018978E+01
  0.73613114E+01  0.14161126E+01
  0.73783475E+01  0.13283018E+01
  0.73953836E+01  0.12367914E+01
  0.74124197E+01  0.11441142E+01
  0.74294558E+01  0.10511308E+01
  0.74464918E+01  0.95815142E+00
  0.74635279E+01  0.86540521E+00
  0.74805640E+01  0.77308265E+00
  0.74976001E+01  0.68134466E+00
  0.75146362E+01  0.59032609E+00
  0.75316723E+01  0.50013809E+00
  0.75487084E+01  0.41087039E+00
  0.75657445E+01  0.32259382E+00
  0.75827805E+01  0.23536304E+00
  0.75998166E+01  0.14921959E+00
  0.76168527E+01  0.64195049E-01
  0.76338888E+01 -0.19685844E-01
  0.76509249E+01 -0.10240232E+00
  0.76679610E+01 -0.18393524E+00
  0.76849971E+01 -0.26426542E+00
  0.77020331E+01 -0.34337276E+00
  0.77190692E+01 -0.42123621E+00
  0.77361053E+01 -0.49783444E+00
  0.77531414E+01 -0.57314686E+00
  0.77701775E+01 -0.64715487E+00
  0.77872136E+01 -0.71984279E+00
  0.78042497E+01 -0.79119817E+00
  0.78212858E+01 -0.86121140E+00
  0.78383218E+01 -0.92987434E+00
  0.78553579E+01 -0.99717861E+00
  0.78723940E+01 -0.10631139E+01
  0.78894301E+01 -0.11276677E+01
  0.79064662E+01 -0.11908265E+01
  0.79235023E+01 -0.12525799E+01
  0.79405384E+01 -0.13129253E+01
  0.79575744E+01 -0.13718702E+01
  0.79746105E+01 -0.14294288E+01
  0.79916466E+01 -0.14856090E+01
  0.80086827E+01 -0.15403977E+01
  0.80257188E+01 -0.15937547E+01
  0.80427549E+01 -0.16456203E+01
  0.80597910E+01 -0.16959290E+01
  0.80768271E+01 -0.17446212E+01
  0.80938631E+01 -0.17916486E+01
  0.81108992E+01 -0.18369766E+01
  0.81279353E+01 -0.18805850E+01
  0.81449714E+01 -0.19224664E+01
  0.81620075E+01 -0.19626253E+01
  0.81790436E+01 -0.20010750E+01
  0.81960797E+01 -0.20378352E+01
  0.82131158E+01 -0.20729280E+01
  0.82301518E+01 -0.21063754E+01
  0.82471879E+01 -0.21381955E+01
  0.82642240E+01 -0.21684007E+01
  0.82812601E+01 -0.21969964E+01
  0.82982962E+01 -0.22239811E+01
  0.83153323E+01 -0.22493465E+01
  0.83323684E+01 -0.22730803E+01
  0.83494044E+01 -0.22951674E+01
  0.83664405E+01 -0.23155926E+01
  0.83834766E+01 -0.23343424E+01
  0.84005127E+01 -0.23514075E+01
  0.84175488E+01 -0.23667835E+01
  0.84345849E+01 -0.23804736E+01
  0.84516210E+01 -0.23926100E+01
  0.84686571E+01 -0.24038657E+01
  0.84856931E+01 -0.24134456E+01
  0.85027292E+01 -0.24213135E+01
  0.85197653E+01 -0.24274527E+01
  0.85368014E+01 -0.24318494E+01
  0.85538375E+01 -0.24344929E+01
  0.85708736E+01 -0.24353767E+01
  
  0.00000000E+00 -0.18675735E+01
  0.17114103E-01 -0.18666581E+01
  0.34228205E-01 -0.18639142E+01
  0.51342308E-01 -0.18593405E+01
  0.68456410E-01 -0.18529347E+01
  0.85570513E-01 -0.18446944E+01
  0.10268462E+00 -0.18346169E+01
  0.11979872E+00 -0.18226994E+01
  0.13691282E+00 -0.18089402E+01
  0.15402692E+00 -0.17933380E+01
  0.17114103E+00 -0.17758928E+01
  0.18825513E+00 -0.17566057E+01
  0.20536923E+00 -0.17354789E+01
  0.22248333E+00 -0.17125158E+01
  0.23959744E+00 -0.16877208E+01
  0.25671154E+00 -0.16610985E+01
  0.27382564E+00 -0.16326544E+01
  0.29093974E+00 -0.16023939E+01
  0.30805385E+00 -0.15703225E+01
  0.32516795E+00 -0.15364458E+01
  0.34228205E+00 -0.15007693E+01
  0.35939615E+00 -0.14632989E+01
  0.37651026E+00 -0.14240408E+01
  0.39362436E+00 -0.13830023E+01
  0.41073846E+00 -0.13401915E+01
  0.42785256E+00 -0.12956183E+01
  0.44496667E+00 -0.12492940E+01
  0.46208077E+00 -0.12012317E+01
  0.47919487E+00 -0.11514461E+01
  0.49630897E+00 -0.10999534E+01
  0.51342308E+00 -0.10467706E+01
  0.53053718E+00 -0.99191501E+00
  0.54765128E+00 -0.93540383E+00
  0.56476538E+00 -0.87725316E+00
  0.58187949E+00 -0.81747753E+00
  0.59899359E+00 -0.75608938E+00
  0.61610769E+00 -0.69309879E+00
  0.63322179E+00 -0.62851342E+00
  0.65033590E+00 -0.56233881E+00
  0.66745000E+00 -0.49457895E+00
  0.68456410E+00 -0.42523711E+00
  0.70167820E+00 -0.35431692E+00
  0.71879231E+00 -0.28182351E+00
  0.73590641E+00 -0.20776479E+00
  0.75302051E+00 -0.13215248E+00
  0.77013461E+00 -0.55003097E-01
  0.78724872E+00  0.23661499E-01
  0.80436282E+00  0.10381386E+00
  0.82147692E+00  0.18542116E+00
  0.83859102E+00  0.26844582E+00
  0.85570513E+00  0.35284649E+00
  0.87281923E+00  0.43857941E+00
  0.88993333E+00  0.52559981E+00
  0.90704743E+00  0.61386346E+00
  0.92416154E+00  0.70332802E+00
  0.94127564E+00  0.79395416E+00
  0.95838974E+00  0.88570619E+00
  0.97550384E+00  0.97855222E+00
  0.99261795E+00  0.10724638E+01
  0.10097320E+01  0.11674147E+01
  0.10268462E+01  0.12633798E+01
  0.10439603E+01  0.13603327E+01
  0.10610744E+01  0.14582440E+01
  0.10781885E+01  0.15570786E+01
  0.10953026E+01  0.16567942E+01
  0.11124167E+01  0.17573391E+01
  0.11295308E+01  0.18586513E+01
  0.11466449E+01  0.19606578E+01
  0.11637590E+01  0.20632749E+01
  0.11808731E+01  0.21664092E+01
  0.11979872E+01  0.22699593E+01
  0.12151013E+01  0.23738179E+01
  0.12322154E+01  0.24778741E+01
  0.12493295E+01  0.25820167E+01
  0.12664436E+01  0.26861359E+01
  0.12835577E+01  0.27901257E+01
  0.13006718E+01  0.28938853E+01
  0.13177859E+01  0.29973192E+01
  0.13349000E+01  0.31003370E+01
  0.13520141E+01  0.32028513E+01
  0.13691282E+01  0.33047752E+01
  0.13862423E+01  0.34060188E+01
  0.14033564E+01  0.35064842E+01
  0.14204705E+01  0.36060608E+01
  0.14375846E+01  0.37046196E+01
  0.14546987E+01  0.38020071E+01
  0.14718128E+01  0.38980385E+01
  0.14889269E+01  0.39924911E+01
  0.15060410E+01  0.40850948E+01
  0.15231551E+01  0.41755207E+01
  0.15402692E+01  0.42633648E+01
  0.15573833E+01  0.43481230E+01
  0.15744974E+01  0.44291529E+01
  0.15916115E+01  0.45056155E+01
  0.16087256E+01  0.45763865E+01
  0.16258397E+01  0.46399330E+01
  0.16429538E+01  0.46941706E+01
  0.16600679E+01  0.47363829E+01
  0.16771820E+01  0.47634215E+01
  0.16942962E+01  0.47592349E+01
  0.17114103E+01  0.47624491E+01
  0.17285244E+01  0.47349707E+01
  0.17456385E+01  0.46928945E+01
  0.17627526E+01  0.46400614E+01
  0.17798667E+01  0.45798241E+01
  0.17969808E+01  0.45147227E+01
  0.18140949E+01  0.44465628E+01
  0.18312090E+01  0.43766044E+01
  0.18483231E+01  0.43057329E+01
  0.18654372E+01  0.42345828E+01
  0.18825513E+01  0.41636198E+01
  0.18996654E+01  0.40931939E+01
  0.19167795E+01  0.40235741E+01
  0.19338936E+01  0.39549701E+01
  0.19510077E+01  0.38875471E+01
  0.19681218E+01  0.38214365E+01
  0.19852359E+01  0.37567434E+01
  0.20023500E+01  0.36935525E+01
  0.20194641E+01  0.36319335E+01
  0.20365782E+01  0.35719449E+01
  0.20536923E+01  0.35136380E+01
  0.20708064E+01  0.34570592E+01
  0.20879205E+01  0.34022524E+01
  0.21050346E+01  0.33492599E+01
  0.21221487E+01  0.32981226E+01
  0.21392628E+01  0.32488799E+01
  0.21563769E+01  0.32015679E+01
  0.21734910E+01  0.31562187E+01
  0.21906051E+01  0.31128578E+01
  0.22077192E+01  0.30715034E+01
  0.22248333E+01  0.30321643E+01
  0.22419474E+01  0.29948400E+01
  0.22590615E+01  0.29595201E+01
  0.22761756E+01  0.29261858E+01
  0.22932897E+01  0.28948110E+01
  0.23104038E+01  0.28653648E+01
  0.23275179E+01  0.28378146E+01
  0.23446320E+01  0.28121287E+01
  0.23617462E+01  0.27882796E+01
  0.23788603E+01  0.27662467E+01
  0.23959744E+01  0.27460185E+01
  0.24130885E+01  0.27275938E+01
  0.24302026E+01  0.27109822E+01
  0.24473167E+01  0.26962035E+01
  0.24644308E+01  0.26832864E+01
  0.24815449E+01  0.26722654E+01
  0.24986590E+01  0.26631783E+01
  0.25157731E+01  0.26560625E+01
  0.25328872E+01  0.26509517E+01
  0.25500013E+01  0.26478725E+01
  0.25671154E+01  0.26468422E+01
  0.25841515E+01  0.26478860E+01
  0.26011876E+01  0.26503315E+01
  0.26182236E+01  0.26524155E+01
  0.26352597E+01  0.26519448E+01
  0.26522958E+01  0.26468783E+01
  0.26693319E+01  0.26356445E+01
  0.26863680E+01  0.26172292E+01
  0.27034041E+01  0.25911342E+01
  0.27204402E+01  0.25572834E+01
  0.27374763E+01  0.25159162E+01
  0.27545123E+01  0.24674891E+01
  0.27715484E+01  0.24125912E+01
  0.27885845E+01  0.23518778E+01
  0.28056206E+01  0.22860214E+01
  0.28226567E+01  0.22156770E+01
  0.28396928E+01  0.21414608E+01
  0.28567289E+01  0.20639374E+01
  0.28737649E+01  0.19836154E+01
  0.28908010E+01  0.19009472E+01
  0.29078371E+01  0.18163324E+01
  0.29248732E+01  0.17301239E+01
  0.29419093E+01  0.16426342E+01
  0.29589454E+01  0.15541423E+01
  0.29759815E+01  0.14649003E+01
  0.29930176E+01  0.13751391E+01
  0.30100536E+01  0.12850722E+01
  0.30270897E+01  0.11948996E+01
  0.30441258E+01  0.11048086E+01
  0.30611619E+01  0.10149755E+01
  0.30781980E+01  0.92556428E+00
  0.30952341E+01  0.83672639E+00
  0.31122702E+01  0.74859905E+00
  0.31293062E+01  0.66130420E+00
  0.31463423E+01  0.57494743E+00
  0.31633784E+01  0.48961760E+00
  0.31804145E+01  0.40538703E+00
  0.31974506E+01  0.32231248E+00
  0.32144867E+01  0.24043680E+00
  0.32315228E+01  0.15979124E+00
  0.32485589E+01  0.80398158E-01
  0.32655949E+01  0.22739951E-02
  0.32826310E+01 -0.74567736E-01
  0.32996671E+01 -0.15011372E+00
  0.33167032E+01 -0.22434850E+00
  0.33337393E+01 -0.29725278E+00
  0.33507754E+01 -0.36880235E+00
  0.33678115E+01 -0.43896780E+00
  0.33848476E+01 -0.50771485E+00
  0.34018836E+01 -0.57500532E+00
  0.34189197E+01 -0.64079849E+00
  0.34359558E+01 -0.70505280E+00
  0.34529919E+01 -0.76772754E+00
  0.34700280E+01 -0.82878459E+00
  0.34870641E+01 -0.88818980E+00
  0.35041002E+01 -0.94591411E+00
  0.35211362E+01 -0.10019342E+01
  0.35381723E+01 -0.10562329E+01
  0.35552084E+01 -0.11087985E+01
  0.35722445E+01 -0.11596249E+01
  0.35892806E+01 -0.12087099E+01
  0.36063167E+01 -0.12560549E+01
  0.36233528E+01 -0.13016629E+01
  0.36403889E+01 -0.13455379E+01
  0.36574249E+01 -0.13876833E+01
  0.36744610E+01 -0.14281016E+01
  0.36914971E+01 -0.14667928E+01
  0.37085332E+01 -0.15037549E+01
  0.37255693E+01 -0.15389831E+01
  0.37426054E+01 -0.15724703E+01
  0.37596415E+01 -0.16042073E+01
  0.37766775E+01 -0.16341832E+01
  0.37937136E+01 -0.16623862E+01
  0.38107497E+01 -0.16888044E+01
  0.38277858E+01 -0.17134262E+01
  0.38448219E+01 -0.17362408E+01
  0.38618580E+01 -0.17572394E+01
  0.38788941E+01 -0.17764146E+01
  0.38959302E+01 -0.17937613E+01
  0.39129662E+01 -0.18092765E+01
  0.39300023E+01 -0.18229591E+01
  0.39470384E+01 -0.18348096E+01
  0.39640745E+01 -0.18448299E+01
  0.39811106E+01 -0.18530226E+01
  0.39981467E+01 -0.18593907E+01
  0.40151828E+01 -0.18639371E+01
  0.40322189E+01 -0.18666642E+01
  0.40492549E+01 -0.18675735E+01
  0.40661251E+01 -0.18685114E+01
  0.40829952E+01 -0.18711239E+01
  0.40998653E+01 -0.18754030E+01
  0.41167355E+01 -0.18813377E+01
  0.41336056E+01 -0.18889137E+01
  0.41504757E+01 -0.18981132E+01
  0.41673459E+01 -0.19089157E+01
  0.41842160E+01 -0.19212971E+01
  0.42010861E+01 -0.19352303E+01
  0.42179563E+01 -0.19506847E+01
  0.42348264E+01 -0.19676265E+01
  0.42516965E+01 -0.19860186E+01
  0.42685667E+01 -0.20058202E+01
  0.42854368E+01 -0.20269869E+01
  0.43023069E+01 -0.20494708E+01
  0.43191771E+01 -0.20732202E+01
  0.43360472E+01 -0.20981793E+01
  0.43529173E+01 -0.21242886E+01
  0.43697874E+01 -0.21514843E+01
  0.43866576E+01 -0.21796987E+01
  0.44035277E+01 -0.22088597E+01
  0.44203978E+01 -0.22388913E+01
  0.44372680E+01 -0.22697128E+01
  0.44541381E+01 -0.23012396E+01
  0.44710082E+01 -0.23333820E+01
  0.44878784E+01 -0.23660447E+01
  0.45047485E+01 -0.23991159E+01
  0.45216186E+01 -0.24310570E+01
  0.45387327E+01 -0.24302743E+01
  0.45558468E+01 -0.24279202E+01
  0.45729609E+01 -0.24239826E+01
  0.45900750E+01 -0.24184427E+01
  0.46071891E+01 -0.24112747E+01
  0.46243033E+01 -0.24024417E+01
  0.46414174E+01 -0.23918450E+01
  0.46585315E+01 -0.23791511E+01
  0.46756456E+01 -0.23645409E+01
  0.46927597E+01 -0.23482601E+01
  0.47098738E+01 -0.23303591E+01
  0.47269879E+01 -0.23108609E+01
  0.47441020E+01 -0.22897803E+01
  0.47612161E+01 -0.22671254E+01
  0.47783302E+01 -0.22428987E+01
  0.47954443E+01 -0.22170965E+01
  0.48125584E+01 -0.21897091E+01
  0.48296725E+01 -0.21607213E+01
  0.48467866E+01 -0.21301128E+01
  0.48639007E+01 -0.20978541E+01
  0.48810148E+01 -0.20638499E+01
  0.48981289E+01 -0.20279287E+01
  0.49152430E+01 -0.19903301E+01
  0.49323571E+01 -0.19511282E+01
  0.49494712E+01 -0.19103308E+01
  0.49665853E+01 -0.18679354E+01
  0.49836994E+01 -0.18239284E+01
  0.50008135E+01 -0.17782587E+01
  0.50179276E+01 -0.17307927E+01
  0.50350417E+01 -0.16815181E+01
  0.50521558E+01 -0.16305419E+01
  0.50692699E+01 -0.15779251E+01
  0.50863840E+01 -0.15237076E+01
  0.51034981E+01 -0.14679225E+01
  0.51206122E+01 -0.14105976E+01
  0.51377263E+01 -0.13517548E+01
  0.51548404E+01 -0.12914092E+01
  0.51719545E+01 -0.12295687E+01
  0.51890686E+01 -0.11662337E+01
  0.52061827E+01 -0.11013978E+01
  0.52232968E+01 -0.10350493E+01
  0.52404109E+01 -0.96717278E+00
  0.52575250E+01 -0.89775115E+00
  0.52746391E+01 -0.82676808E+00
  0.52917533E+01 -0.75421024E+00
  0.53088674E+01 -0.68006938E+00
  0.53259815E+01 -0.60434400E+00
  0.53430956E+01 -0.52704050E+00
  0.53602097E+01 -0.44817355E+00
  0.53773238E+01 -0.36776588E+00
  0.53944379E+01 -0.28584722E+00
  0.54115520E+01 -0.20245265E+00
  0.54286661E+01 -0.11762056E+00
  0.54457802E+01 -0.31390197E-01
  0.54628943E+01  0.56200674E-01
  0.54800084E+01  0.14511793E+00
  0.54971225E+01  0.23533277E+00
  0.55142366E+01  0.32682274E+00
  0.55313507E+01  0.41957202E+00
  0.55484648E+01  0.51357085E+00
  0.55655789E+01  0.60881422E+00
  0.55826930E+01  0.70529983E+00
  0.55998071E+01  0.80302560E+00
  0.56169212E+01  0.90198686E+00
  0.56340353E+01  0.10021736E+01
  0.56511494E+01  0.11035680E+01
  0.56682635E+01  0.12061424E+01
  0.56853776E+01  0.13098581E+01
  0.57024917E+01  0.14146651E+01
  0.57196058E+01  0.15205023E+01
  0.57367199E+01  0.16272990E+01
  0.57538340E+01  0.17349761E+01
  0.57709481E+01  0.18434488E+01
  0.57880622E+01  0.19526289E+01
  0.58051763E+01  0.20624267E+01
  0.58222904E+01  0.21727539E+01
  0.58394045E+01  0.22835250E+01
  0.58565186E+01  0.23946592E+01
  0.58736327E+01  0.25060802E+01
  0.58907468E+01  0.26177168E+01
  0.59078609E+01  0.27295009E+01
  0.59249750E+01  0.28413660E+01
  0.59420891E+01  0.29532446E+01
  0.59592032E+01  0.30650649E+01
  0.59763174E+01  0.31767483E+01
  0.59934315E+01  0.32882067E+01
  0.60105456E+01  0.33993405E+01
  0.60276597E+01  0.35100377E+01
  0.60447738E+01  0.36201739E+01
  0.60618879E+01  0.37296132E+01
  0.60790020E+01  0.38382103E+01
  0.60961161E+01  0.39458139E+01
  0.61132302E+01  0.40522699E+01
  0.61303443E+01  0.41574253E+01
  0.61474584E+01  0.42611321E+01
  0.61645725E+01  0.43632503E+01
  0.61816866E+01  0.44636486E+01
  0.61988007E+01  0.45621988E+01
  0.62159148E+01  0.46587226E+01
  0.62330289E+01  0.47460019E+01
  0.62501430E+01  0.46608414E+01
  0.62672571E+01  0.45701247E+01
  0.62843712E+01  0.44810144E+01
  0.63014853E+01  0.43935925E+01
  0.63185994E+01  0.43078803E+01
  0.63357135E+01  0.42238915E+01
  0.63528276E+01  0.41416399E+01
  0.63699417E+01  0.40611404E+01
  0.63870558E+01  0.39824091E+01
  0.64041699E+01  0.39054621E+01
  0.64212840E+01  0.38303150E+01
  0.64383981E+01  0.37569818E+01
  0.64555122E+01  0.36854742E+01
  0.64726263E+01  0.36158016E+01
  0.64897404E+01  0.35479700E+01
  0.65068545E+01  0.34819827E+01
  0.65239686E+01  0.34178404E+01
  0.65410827E+01  0.33555417E+01
  0.65581968E+01  0.32950835E+01
  0.65753109E+01  0.32364624E+01
  0.65924250E+01  0.31796745E+01
  0.66095391E+01  0.31247171E+01
  0.66266532E+01  0.30715885E+01
  0.66437674E+01  0.30202890E+01
  0.66608815E+01  0.29708208E+01
  0.66779956E+01  0.29231882E+01
  0.66951097E+01  0.28773975E+01
  0.67122238E+01  0.28334566E+01
  0.67293379E+01  0.27913749E+01
  0.67464520E+01  0.27511624E+01
  0.67635661E+01  0.27128297E+01
  0.67806802E+01  0.26763874E+01
  0.67977943E+01  0.26418462E+01
  0.68149084E+01  0.26099151E+01
  0.68320225E+01  0.25806577E+01
  0.68491366E+01  0.25532737E+01
  0.68662507E+01  0.25277560E+01
  0.68833648E+01  0.25040999E+01
  0.69004789E+01  0.24823037E+01
  0.69175930E+01  0.24623682E+01
  0.69347071E+01  0.24442964E+01
  0.69518212E+01  0.24280938E+01
  0.69689353E+01  0.24137675E+01
  0.69860494E+01  0.24013260E+01
  0.70031635E+01  0.23907785E+01
  0.70202776E+01  0.23821340E+01
  0.70373917E+01  0.23754013E+01
  0.70545058E+01  0.23705875E+01
  0.70716199E+01  0.23676984E+01
  0.70887340E+01  0.23667372E+01
  0.71057701E+01  0.23617691E+01
  0.71228062E+01  0.23469301E+01
  0.71398423E+01  0.23224583E+01
  0.71568784E+01  0.22887807E+01
  0.71739145E+01  0.22464906E+01
  0.71909505E+01  0.21962975E+01
  0.72079866E+01  0.21389738E+01
  0.72250227E+01  0.20753105E+01
  0.72420588E+01  0.20060844E+01
  0.72590949E+01  0.19320358E+01
  0.72761310E+01  0.18538558E+01
  0.72931671E+01  0.17721807E+01
  0.73102031E+01  0.16875909E+01
  0.73272392E+01  0.16006166E+01
  0.73442753E+01  0.15117511E+01
  0.73613114E+01  0.14215267E+01
  0.73783475E+01  0.13313830E+01
  0.73953836E+01  0.12435343E+01
  0.74124197E+01  0.11559196E+01
  0.74294558E+01  0.10680929E+01
  0.74464918E+01  0.98010944E+00
  0.74635279E+01  0.89206276E+00
  0.74805640E+01  0.80404679E+00
  0.74976001E+01  0.71615044E+00
  0.75146362E+01  0.62845700E+00
  0.75316723E+01  0.54104437E+00
  0.75487084E+01  0.45398560E+00
  0.75657445E+01  0.36734953E+00
  0.75827805E+01  0.28120149E+00
  0.75998166E+01  0.19560418E+00
  0.76168527E+01  0.11061860E+00
  0.76338888E+01  0.26304996E-01
  0.76509249E+01 -0.57276218E-01
  0.76679610E+01 -0.14006361E+00
  0.76849971E+01 -0.22199398E+00
  0.77020331E+01 -0.30300173E+00
  0.77190692E+01 -0.38301852E+00
  0.77361053E+01 -0.46197311E+00
  0.77531414E+01 -0.53979168E+00
  0.77701775E+01 -0.61639867E+00
  0.77872136E+01 -0.69171820E+00
  0.78042497E+01 -0.76567618E+00
  0.78212858E+01 -0.83820302E+00
  0.78383218E+01 -0.90923664E+00
  0.78553579E+01 -0.97872538E+00
  0.78723940E+01 -0.10466300E+01
  0.78894301E+01 -0.11129239E+01
  0.79064662E+01 -0.11775900E+01
  0.79235023E+01 -0.12406161E+01
  0.79405384E+01 -0.13019876E+01
  0.79575744E+01 -0.13616831E+01
  0.79746105E+01 -0.14196768E+01
  0.79916466E+01 -0.14759486E+01
  0.80086827E+01 -0.15304984E+01
  0.80257188E+01 -0.15833521E+01
  0.80427549E+01 -0.16345530E+01
  0.80597910E+01 -0.16841493E+01
  0.80768271E+01 -0.17321828E+01
  0.80938631E+01 -0.17786851E+01
  0.81108992E+01 -0.18236754E+01
  0.81279353E+01 -0.18671619E+01
  0.81449714E+01 -0.19091425E+01
  0.81620075E+01 -0.19496073E+01
  0.81790436E+01 -0.19885406E+01
  0.81960797E+01 -0.20259229E+01
  0.82131158E+01 -0.20617338E+01
  0.82301518E+01 -0.20959539E+01
  0.82471879E+01 -0.21285665E+01
  0.82642240E+01 -0.21595588E+01
  0.82812601E+01 -0.21889226E+01
  0.82982962E+01 -0.22166532E+01
  0.83153323E+01 -0.22427495E+01
  0.83323684E+01 -0.22672117E+01
  0.83494044E+01 -0.22900407E+01
  0.83664405E+01 -0.23112367E+01
  0.83834766E+01 -0.23307982E+01
  0.84005127E+01 -0.23487213E+01
  0.84175488E+01 -0.23649994E+01
  0.84345849E+01 -0.23796220E+01
  0.84516210E+01 -0.23924530E+01
  0.84686571E+01 -0.24028192E+01
  0.84856931E+01 -0.24115188E+01
  0.85027292E+01 -0.24185933E+01
  0.85197653E+01 -0.24240660E+01
  0.85368014E+01 -0.24279576E+01
  0.85538375E+01 -0.24302845E+01
  0.85708736E+01 -0.24310570E+01
  
  0.00000000E+00  0.16278223E+02
  0.17114103E-01  0.16275291E+02
  0.34228205E-01  0.16266493E+02
  0.51342308E-01  0.16251846E+02
  0.68456410E-01  0.16231376E+02
  0.85570513E-01  0.16205122E+02
  0.10268462E+00  0.16173133E+02
  0.11979872E+00  0.16135467E+02
  0.13691282E+00  0.16092193E+02
  0.15402692E+00  0.16043392E+02
  0.17114103E+00  0.15989151E+02
  0.18825513E+00  0.15929573E+02
  0.20536923E+00  0.15864766E+02
  0.22248333E+00  0.15794851E+02
  0.23959744E+00  0.15719956E+02
  0.25671154E+00  0.15640216E+02
  0.27382564E+00  0.15555770E+02
  0.29093974E+00  0.15466765E+02
  0.30805385E+00  0.15373348E+02
  0.32516795E+00  0.15275671E+02
  0.34228205E+00  0.15173890E+02
  0.35939615E+00  0.15068162E+02
  0.37651026E+00  0.14958645E+02
  0.39362436E+00  0.14845499E+02
  0.41073846E+00  0.14728888E+02
  0.42785256E+00  0.14608971E+02
  0.44496667E+00  0.14485912E+02
  0.46208077E+00  0.14359872E+02
  0.47919487E+00  0.14231014E+02
  0.49630897E+00  0.14099499E+02
  0.51342308E+00  0.13965489E+02
  0.53053718E+00  0.13829146E+02
  0.54765128E+00  0.13690631E+02
  0.56476538E+00  0.13550104E+02
  0.58187949E+00  0.13407723E+02
  0.59899359E+00  0.13263644E+02
  0.61610769E+00  0.13118017E+02
  0.63322179E+00  0.12970988E+02
  0.65033590E+00  0.12822697E+02
  0.66745000E+00  0.12673276E+02
  0.68456410E+00  0.12522852E+02
  0.70167820E+00  0.12371544E+02
  0.71879231E+00  0.12219465E+02
  0.73590641E+00  0.12066718E+02
  0.75302051E+00  0.11913404E+02
  0.77013461E+00  0.11759613E+02
  0.78724872E+00  0.11605434E+02
  0.80436282E+00  0.11450949E+02
  0.82147692E+00  0.11296235E+02
  0.83859102E+00  0.11141371E+02
  0.85570513E+00  0.10986430E+02
  0.87281923E+00  0.10831487E+02
  0.88993333E+00  0.10676619E+02
  0.90704743E+00  0.10521901E+02
  0.92416154E+00  0.10367411E+02
  0.94127564E+00  0.10213229E+02
  0.95838974E+00  0.10059433E+02
  0.97550384E+00  0.99061033E+01
  0.99261795E+00  0.97533182E+01
  0.10097320E+01  0.96011553E+01
  0.10268462E+01  0.94496903E+01
  0.10439603E+01  0.92989960E+01
  0.10610744E+01  0.91491422E+01
  0.10781885E+01  0.90001943E+01
  0.10953026E+01  0.88522137E+01
  0.11124167E+01  0.87052568E+01
  0.11295308E+01  0.85593751E+01
  0.11466449E+01  0.84146155E+01
  0.11637590E+01  0.82710207E+01
  0.11808731E+01  0.81286295E+01
  0.11979872E+01  0.79874778E+01
  0.12151013E+01  0.78475994E+01
  0.12322154E+01  0.77090264E+01
  0.12493295E+01  0.75717900E+01
  0.12664436E+01  0.74359211E+01
  0.12835577E+01  0.73014503E+01
  0.13006718E+01  0.71684085E+01
  0.13177859E+01  0.70368271E+01
  0.13349000E+01  0.69067380E+01
  0.13520141E+01  0.67781745E+01
  0.13691282E+01  0.66511714E+01
  0.13862423E+01  0.65257659E+01
  0.14033564E+01  0.64019980E+01
  0.14204705E+01  0.62799120E+01
  0.14375846E+01  0.61595580E+01
  0.14546987E+01  0.60409940E+01
  0.14718128E+01  0.59242896E+01
  0.14889269E+01  0.58095307E+01
  0.15060410E+01  0.56968267E+01
  0.15231551E+01  0.55863210E+01
  0.15402692E+01  0.54782070E+01
  0.15573833E+01  0.53727528E+01
  0.15744974E+01  0.52703400E+01
  0.15916115E+01  0.51715296E+01
  0.16087256E+01  0.50771733E+01
  0.16258397E+01  0.49886088E+01
  0.16429538E+01  0.49079999E+01
  0.16600679E+01  0.48388850E+01
  0.16771820E+01  0.47868255E+01
  0.16942962E+01  0.47725109E+01
  0.17114103E+01  0.47624884E+01
  0.17285244E+01  0.47961360E+01
  0.17456385E+01  0.48537843E+01
  0.17627526E+01  0.49270214E+01
  0.17798667E+01  0.50093513E+01
  0.17969808E+01  0.50965907E+01
  0.18140949E+01  0.51861672E+01
  0.18312090E+01  0.52764740E+01
  0.18483231E+01  0.53664644E+01
  0.18654372E+01  0.54554194E+01
  0.18825513E+01  0.55428186E+01
  0.18996654E+01  0.56282656E+01
  0.19167795E+01  0.57114471E+01
  0.19338936E+01  0.57921084E+01
  0.19510077E+01  0.58700405E+01
  0.19681218E+01  0.59450735E+01
  0.19852359E+01  0.60170726E+01
  0.20023500E+01  0.60859315E+01
  0.20194641E+01  0.61099193E+01
  0.20365782E+01  0.61271420E+01
  0.20536923E+01  0.61419815E+01
  0.20708064E+01  0.61546228E+01
  0.20879205E+01  0.61652761E+01
  0.21050346E+01  0.61741689E+01
  0.21221487E+01  0.61815365E+01
  0.21392628E+01  0.61876128E+01
  0.21563769E+01  0.61926211E+01
  0.21734910E+01  0.61967657E+01
  0.21906051E+01  0.62002258E+01
  0.22077192E+01  0.62031496E+01
  0.22248333E+01  0.62056524E+01
  0.22419474E+01  0.62078154E+01
  0.22590615E+01  0.62096881E+01
  0.22761756E+01  0.62112918E+01
  0.22932897E+01  0.62126258E+01
  0.23104038E+01  0.62136737E+01
  0.23275179E+01  0.62144118E+01
  0.23446320E+01  0.62148166E+01
  0.23617462E+01  0.62148719E+01
  0.23788603E+01  0.62145746E+01
  0.23959744E+01  0.62139392E+01
  0.24130885E+01  0.62130003E+01
  0.24302026E+01  0.62118121E+01
  0.24473167E+01  0.62104467E+01
  0.24644308E+01  0.62089903E+01
  0.24815449E+01  0.62075371E+01
  0.24986590E+01  0.62061836E+01
  0.25157731E+01  0.62050209E+01
  0.25328872E+01  0.62041283E+01
  0.25500013E+01  0.62035672E+01
  0.25671154E+01  0.62033763E+01
  0.25841515E+01  0.62064771E+01
  0.26011876E+01  0.62160226E+01
  0.26182236E+01  0.62326608E+01
  0.26352597E+01  0.62572479E+01
  0.26522958E+01  0.62906264E+01
  0.26693319E+01  0.63334552E+01
  0.26863680E+01  0.63861211E+01
  0.27034041E+01  0.64487225E+01
  0.27204402E+01  0.65211016E+01
  0.27374763E+01  0.66029017E+01
  0.27545123E+01  0.66936306E+01
  0.27715484E+01  0.67927187E+01
  0.27885845E+01  0.68995650E+01
  0.28056206E+01  0.70135710E+01
  0.28226567E+01  0.71341616E+01
  0.28396928E+01  0.72607969E+01
  0.28567289E+01  0.73929762E+01
  0.28737649E+01  0.75302380E+01
  0.28908010E+01  0.76721571E+01
  0.29078371E+01  0.78183402E+01
  0.29248732E+01  0.79684216E+01
  0.29419093E+01  0.81220595E+01
  0.29589454E+01  0.82789318E+01
  0.29759815E+01  0.84387336E+01
  0.29930176E+01  0.86011750E+01
  0.30100536E+01  0.87659788E+01
  0.30270897E+01  0.89328796E+01
  0.30441258E+01  0.91016227E+01
  0.30611619E+01  0.92719630E+01
  0.30781980E+01  0.94436647E+01
  0.30952341E+01  0.96165007E+01
  0.31122702E+01  0.97902519E+01
  0.31293062E+01  0.99647073E+01
  0.31463423E+01  0.10139663E+02
  0.31633784E+01  0.10314924E+02
  0.31804145E+01  0.10490301E+02
  0.31974506E+01  0.10665611E+02
  0.32144867E+01  0.10840681E+02
  0.32315228E+01  0.11015343E+02
  0.32485589E+01  0.11189436E+02
  0.32655949E+01  0.11362805E+02
  0.32826310E+01  0.11535303E+02
  0.32996671E+01  0.11706787E+02
  0.33167032E+01  0.11877121E+02
  0.33337393E+01  0.12046170E+02
  0.33507754E+01  0.12213804E+02
  0.33678115E+01  0.12379897E+02
  0.33848476E+01  0.12544322E+02
  0.34018836E+01  0.12706953E+02
  0.34189197E+01  0.12867665E+02
  0.34359558E+01  0.13026329E+02
  0.34529919E+01  0.13182817E+02
  0.34700280E+01  0.13336998E+02
  0.34870641E+01  0.13488738E+02
  0.35041002E+01  0.13637900E+02
  0.35211362E+01  0.13784343E+02
  0.35381723E+01  0.13927926E+02
  0.35552084E+01  0.14068504E+02
  0.35722445E+01  0.14205930E+02
  0.35892806E+01  0.14340059E+02
  0.36063167E+01  0.14470747E+02
  0.36233528E+01  0.14597852E+02
  0.36403889E+01  0.14721237E+02
  0.36574249E+01  0.14840769E+02
  0.36744610E+01  0.14956320E+02
  0.36914971E+01  0.15067766E+02
  0.37085332E+01  0.15174988E+02
  0.37255693E+01  0.15277874E+02
  0.37426054E+01  0.15376311E+02
  0.37596415E+01  0.15470193E+02
  0.37766775E+01  0.15559416E+02
  0.37937136E+01  0.15643877E+02
  0.38107497E+01  0.15723479E+02
  0.38277858E+01  0.15798123E+02
  0.38448219E+01  0.15867713E+02
  0.38618580E+01  0.15932153E+02
  0.38788941E+01  0.15991351E+02
  0.38959302E+01  0.16045216E+02
  0.39129662E+01  0.16093662E+02
  0.39300023E+01  0.16136608E+02
  0.39470384E+01  0.16173982E+02
  0.39640745E+01  0.16205718E+02
  0.39811106E+01  0.16231760E+02
  0.39981467E+01  0.16252063E+02
  0.40151828E+01  0.16266589E+02
  0.40322189E+01  0.16275314E+02
  0.40492549E+01  0.16278223E+02
  0.40661251E+01  0.16278269E+02
  0.40829952E+01  0.16278632E+02
  0.40998653E+01  0.16279310E+02
  0.41167355E+01  0.16280304E+02
  0.41336056E+01  0.16281612E+02
  0.41504757E+01  0.16283230E+02
  0.41673459E+01  0.16285154E+02
  0.41842160E+01  0.16287379E+02
  0.42010861E+01  0.16289899E+02
  0.42179563E+01  0.16292710E+02
  0.42348264E+01  0.16295805E+02
  0.42516965E+01  0.16299178E+02
  0.42685667E+01  0.16302825E+02
  0.42854368E+01  0.16306742E+02
  0.43023069E+01  0.16310925E+02
  0.43191771E+01  0.16315372E+02
  0.43360472E+01  0.16320084E+02
  0.43529173E+01  0.16325059E+02
  0.43697874E+01  0.16330301E+02
  0.43866576E+01  0.16335812E+02
  0.44035277E+01  0.16341595E+02
  0.44203978E+01  0.16347655E+02
  0.44372680E+01  0.16353996E+02
  0.44541381E+01  0.16360618E+02
  0.44710082E+01  0.16367520E+02
  0.44878784E+01  0.16374678E+02
  0.45047485E+01  0.16381958E+02
  0.45216186E+01  0.16386673E+02
  0.45387327E+01  0.16383937E+02
  0.45558468E+01  0.16375709E+02
  0.45729609E+01  0.16361989E+02
  0.45900750E+01  0.16342780E+02
  0.46071891E+01  0.16318090E+02
  0.46243033E+01  0.16287927E+02
  0.46414174E+01  0.16252304E+02
  0.46585315E+01  0.16211219E+02
  0.46756456E+01  0.16164283E+02
  0.46927597E+01  0.16111761E+02
  0.47098738E+01  0.16054070E+02
  0.47269879E+01  0.15991314E+02
  0.47441020E+01  0.15923592E+02
  0.47612161E+01  0.15851004E+02
  0.47783302E+01  0.15773655E+02
  0.47954443E+01  0.15691657E+02
  0.48125584E+01  0.15605128E+02
  0.48296725E+01  0.15514195E+02
  0.48467866E+01  0.15418993E+02
  0.48639007E+01  0.15319553E+02
  0.48810148E+01  0.15215813E+02
  0.48981289E+01  0.15108340E+02
  0.49152430E+01  0.14997378E+02
  0.49323571E+01  0.14883141E+02
  0.49494712E+01  0.14765836E+02
  0.49665853E+01  0.14645662E+02
  0.49836994E+01  0.14522805E+02
  0.50008135E+01  0.14397436E+02
  0.50179276E+01  0.14269616E+02
  0.50350417E+01  0.14139073E+02
  0.50521558E+01  0.14006324E+02
  0.50692699E+01  0.13871576E+02
  0.50863840E+01  0.13734970E+02
  0.51034981E+01  0.13596630E+02
  0.51206122E+01  0.13456671E+02
  0.51377263E+01  0.13315196E+02
  0.51548404E+01  0.13172304E+02
  0.51719545E+01  0.13028087E+02
  0.51890686E+01  0.12882636E+02
  0.52061827E+01  0.12736043E+02
  0.52232968E+01  0.12588402E+02
  0.52404109E+01  0.12439811E+02
  0.52575250E+01  0.12290373E+02
  0.52746391E+01  0.12140196E+02
  0.52917533E+01  0.11989393E+02
  0.53088674E+01  0.11838080E+02
  0.53259815E+01  0.11686374E+02
  0.53430956E+01  0.11534394E+02
  0.53602097E+01  0.11382255E+02
  0.53773238E+01  0.11230068E+02
  0.53944379E+01  0.11077938E+02
  0.54115520E+01  0.10925963E+02
  0.54286661E+01  0.10774230E+02
  0.54457802E+01  0.10622819E+02
  0.54628943E+01  0.10471799E+02
  0.54800084E+01  0.10321230E+02
  0.54971225E+01  0.10171167E+02
  0.55142366E+01  0.10021656E+02
  0.55313507E+01  0.98727418E+01
  0.55484648E+01  0.97244640E+01
  0.55655789E+01  0.95768632E+01
  0.55826930E+01  0.94299805E+01
  0.55998071E+01  0.92838591E+01
  0.56169212E+01  0.91385445E+01
  0.56340353E+01  0.89940852E+01
  0.56511494E+01  0.88505321E+01
  0.56682635E+01  0.87079378E+01
  0.56853776E+01  0.85663554E+01
  0.57024917E+01  0.84258375E+01
  0.57196058E+01  0.82864343E+01
  0.57367199E+01  0.81481928E+01
  0.57538340E+01  0.80111553E+01
  0.57709481E+01  0.78753588E+01
  0.57880622E+01  0.77408346E+01
  0.58051763E+01  0.76076082E+01
  0.58222904E+01  0.74756999E+01
  0.58394045E+01  0.73451256E+01
  0.58565186E+01  0.72158982E+01
  0.58736327E+01  0.70880286E+01
  0.58907468E+01  0.69615274E+01
  0.59078609E+01  0.68364066E+01
  0.59249750E+01  0.67126805E+01
  0.59420891E+01  0.65903665E+01
  0.59592032E+01  0.64694862E+01
  0.59763174E+01  0.63500652E+01
  0.59934315E+01  0.62321330E+01
  0.60105456E+01  0.61157220E+01
  0.60276597E+01  0.60008667E+01
  0.60447738E+01  0.58876027E+01
  0.60618879E+01  0.57759647E+01
  0.60790020E+01  0.56659854E+01
  0.60961161E+01  0.55576941E+01
  0.61132302E+01  0.54511155E+01
  0.61303443E+01  0.53462685E+01
  0.61474584E+01  0.52431599E+01
  0.61645725E+01  0.51416780E+01
  0.61816866E+01  0.50417393E+01
  0.61988007E+01  0.49435601E+01
  0.62159148E+01  0.48472764E+01
  0.62330289E+01  0.47616298E+01
  0.62501430E+01  0.48451596E+01
  0.62672571E+01  0.49355520E+01
  0.62843712E+01  0.50239386E+01
  0.63014853E+01  0.51101356E+01
  0.63185994E+01  0.51940584E+01
  0.63357135E+01  0.52756340E+01
  0.63528276E+01  0.53547870E+01
  0.63699417E+01  0.54314347E+01
  0.63870558E+01  0.55054458E+01
  0.64041699E+01  0.55765498E+01
  0.64212840E+01  0.56448341E+01
  0.64383981E+01  0.57101993E+01
  0.64555122E+01  0.57725417E+01
  0.64726263E+01  0.58317677E+01
  0.64897404E+01  0.58877994E+01
  0.65068545E+01  0.59405806E+01
  0.65239686E+01  0.59900813E+01
  0.65410827E+01  0.60363013E+01
  0.65581968E+01  0.60792710E+01
  0.65753109E+01  0.61190512E+01
  0.65924250E+01  0.61557304E+01
  0.66095391E+01  0.61894199E+01
  0.66266532E+01  0.62202480E+01
  0.66437674E+01  0.62483529E+01
  0.66608815E+01  0.62738752E+01
  0.66779956E+01  0.62969506E+01
  0.66951097E+01  0.63177036E+01
  0.67122238E+01  0.63362427E+01
  0.67293379E+01  0.63526578E+01
  0.67464520E+01  0.63670192E+01
  0.67635661E+01  0.63793802E+01
  0.67806802E+01  0.63897811E+01
  0.67977943E+01  0.63982555E+01
  0.68149084E+01  0.64048383E+01
  0.68320225E+01  0.64095741E+01
  0.68491366E+01  0.64125264E+01
  0.68662507E+01  0.64137850E+01
  0.68833648E+01  0.64134725E+01
  0.69004789E+01  0.64117486E+01
  0.69175930E+01  0.64088110E+01
  0.69347071E+01  0.64048937E+01
  0.69518212E+01  0.64002618E+01
  0.69689353E+01  0.63952033E+01
  0.69860494E+01  0.63900187E+01
  0.70031635E+01  0.63850077E+01
  0.70202776E+01  0.63804558E+01
  0.70373917E+01  0.63766203E+01
  0.70545058E+01  0.63737169E+01
  0.70716199E+01  0.63719081E+01
  0.70887340E+01  0.63712946E+01
  0.71057701E+01  0.63757945E+01
  0.71228062E+01  0.63943448E+01
  0.71398423E+01  0.64269668E+01
  0.71568784E+01  0.64731345E+01
  0.71739145E+01  0.65321353E+01
  0.71909505E+01  0.66031264E+01
  0.72079866E+01  0.66851857E+01
  0.72250227E+01  0.67773565E+01
  0.72420588E+01  0.68786820E+01
  0.72590949E+01  0.69882304E+01
  0.72761310E+01  0.71051120E+01
  0.72931671E+01  0.72284888E+01
  0.73102031E+01  0.73575795E+01
  0.73272392E+01  0.74916570E+01
  0.73442753E+01  0.76300333E+01
  0.73613114E+01  0.77719882E+01
  0.73783475E+01  0.79163854E+01
  0.73953836E+01  0.80612455E+01
  0.74124197E+01  0.82069322E+01
  0.74294558E+01  0.83544737E+01
  0.74464918E+01  0.85039995E+01
  0.74635279E+01  0.86554325E+01
  0.74805640E+01  0.88086627E+01
  0.74976001E+01  0.89635759E+01
  0.75146362E+01  0.91200586E+01
  0.75316723E+01  0.92779963E+01
  0.75487084E+01  0.94372708E+01
  0.75657445E+01  0.95977573E+01
  0.75827805E+01  0.97593225E+01
  0.75998166E+01  0.99218235E+01
  0.76168527E+01  0.10085107E+02
  0.76338888E+01  0.10249012E+02
  0.76509249E+01  0.10413368E+02
  0.76679610E+01  0.10578003E+02
  0.76849971E+01  0.10742741E+02
  0.77020331E+01  0.10907412E+02
  0.77190692E+01  0.11071851E+02
  0.77361053E+01  0.11235901E+02
  0.77531414E+01  0.11399423E+02
  0.77701775E+01  0.11562288E+02
  0.77872136E+01  0.11724387E+02
  0.78042497E+01  0.11885623E+02
  0.78212858E+01  0.12045916E+02
  0.78383218E+01  0.12205196E+02
  0.78553579E+01  0.12363401E+02
  0.78723940E+01  0.12520474E+02
  0.78894301E+01  0.12676354E+02
  0.79064662E+01  0.12830976E+02
  0.79235023E+01  0.12984259E+02
  0.79405384E+01  0.13136100E+02
  0.79575744E+01  0.13286373E+02
  0.79746105E+01  0.13434929E+02
  0.79916466E+01  0.13581602E+02
  0.80086827E+01  0.13726214E+02
  0.80257188E+01  0.13868583E+02
  0.80427549E+01  0.14008516E+02
  0.80597910E+01  0.14145820E+02
  0.80768271E+01  0.14280297E+02
  0.80938631E+01  0.14411758E+02
  0.81108992E+01  0.14540019E+02
  0.81279353E+01  0.14664909E+02
  0.81449714E+01  0.14786272E+02
  0.81620075E+01  0.14903967E+02
  0.81790436E+01  0.15017872E+02
  0.81960797E+01  0.15127878E+02
  0.82131158E+01  0.15233891E+02
  0.82301518E+01  0.15335828E+02
  0.82471879E+01  0.15433614E+02
  0.82642240E+01  0.15527179E+02
  0.82812601E+01  0.15616453E+02
  0.82982962E+01  0.15701367E+02
  0.83153323E+01  0.15781845E+02
  0.83323684E+01  0.15857803E+02
  0.83494044E+01  0.15929153E+02
  0.83664405E+01  0.15995797E+02
  0.83834766E+01  0.16057632E+02
  0.84005127E+01  0.16114549E+02
  0.84175488E+01  0.16166427E+02
  0.84345849E+01  0.16213008E+02
  0.84516210E+01  0.16253714E+02
  0.84686571E+01  0.16288947E+02
  0.84856931E+01  0.16318791E+02
  0.85027292E+01  0.16343229E+02
  0.85197653E+01  0.16362242E+02
  0.85368014E+01  0.16375823E+02
  0.85538375E+01  0.16383967E+02
  0.85708736E+01  0.16386673E+02
  
  0.00000000E+00  0.16604324E+02
  0.17114103E-01  0.16600534E+02
  0.34228205E-01  0.16589242E+02
  0.51342308E-01  0.16570661E+02
  0.68456410E-01  0.16545124E+02
  0.85570513E-01  0.16513068E+02
  0.10268462E+00  0.16474999E+02
  0.11979872E+00  0.16431460E+02
  0.13691282E+00  0.16382997E+02
  0.15402692E+00  0.16330119E+02
  0.17114103E+00  0.16273271E+02
  0.18825513E+00  0.16212806E+02
  0.20536923E+00  0.16148969E+02
  0.22248333E+00  0.16081892E+02
  0.23959744E+00  0.16011589E+02
  0.25671154E+00  0.15937976E+02
  0.27382564E+00  0.15860886E+02
  0.29093974E+00  0.15780095E+02
  0.30805385E+00  0.15695352E+02
  0.32516795E+00  0.15606409E+02
  0.34228205E+00  0.15513052E+02
  0.35939615E+00  0.15415127E+02
  0.37651026E+00  0.15312558E+02
  0.39362436E+00  0.15205368E+02
  0.41073846E+00  0.15093676E+02
  0.42785256E+00  0.14977704E+02
  0.44496667E+00  0.14857761E+02
  0.46208077E+00  0.14734230E+02
  0.47919487E+00  0.14607540E+02
  0.49630897E+00  0.14478150E+02
  0.51342308E+00  0.14346512E+02
  0.53053718E+00  0.14213052E+02
  0.54765128E+00  0.14078148E+02
  0.56476538E+00  0.13942109E+02
  0.58187949E+00  0.13805166E+02
  0.59899359E+00  0.13667470E+02
  0.61610769E+00  0.13529092E+02
  0.63322179E+00  0.13390035E+02
  0.65033590E+00  0.13250244E+02
  0.66745000E+00  0.13109629E+02
  0.68456410E+00  0.12968078E+02
  0.70167820E+00  0.12825485E+02
  0.71879231E+00  0.12681761E+02
  0.73590641E+00  0.12536857E+02
  0.75302051E+00  0.12390770E+02
  0.77013461E+00  0.12243550E+02
  0.78724872E+00  0.12095305E+02
  0.80436282E+00  0.11946192E+02
  0.82147692E+00  0.11796413E+02
  0.83859102E+00  0.11646196E+02
  0.85570513E+00  0.11495788E+02
  0.87281923E+00  0.11345430E+02
  0.88993333E+00  0.11195350E+02
  0.90704743E+00  0.11045747E+02
  0.92416154E+00  0.10896780E+02
  0.94127564E+00  0.10748561E+02
  0.95838974E+00  0.10601159E+02
  0.97550384E+00  0.10454594E+02
  0.99261795E+00  0.10308850E+02
  0.10097320E+01  0.10163882E+02
  0.10268462E+01  0.10019624E+02
  0.10439603E+01  0.98760057E+01
  0.10610744E+01  0.97329622E+01
  0.10781885E+01  0.95904454E+01
  0.10953026E+01  0.94484327E+01
  0.11124167E+01  0.93069328E+01
  0.11295308E+01  0.91659882E+01
  0.11466449E+01  0.90256745E+01
  0.11637590E+01  0.88860964E+01
  0.11808731E+01  0.87473808E+01
  0.11979872E+01  0.86096682E+01
  0.12151013E+01  0.84731039E+01
  0.12322154E+01  0.83378280E+01
  0.12493295E+01  0.82039671E+01
  0.12664436E+01  0.80716282E+01
  0.12835577E+01  0.79408936E+01
  0.13006718E+01  0.78118197E+01
  0.13177859E+01  0.76844376E+01
  0.13349000E+01  0.75587566E+01
  0.13520141E+01  0.74347700E+01
  0.13691282E+01  0.73124617E+01
  0.13862423E+01  0.71918148E+01
  0.14033564E+01  0.70728203E+01
  0.14204705E+01  0.69554849E+01
  0.14375846E+01  0.68398399E+01
  0.14546987E+01  0.67259469E+01
  0.14718128E+01  0.66139050E+01
  0.14889269E+01  0.65038560E+01
  0.15060410E+01  0.63959912E+01
  0.15231551E+01  0.62905599E+01
  0.15402692E+01  0.61878834E+01
  0.15573833E+01  0.60883773E+01
  0.15744974E+01  0.59925879E+01
  0.15916115E+01  0.59012508E+01
  0.16087256E+01  0.58153797E+01
  0.16258397E+01  0.57363917E+01
  0.16429538E+01  0.56662525E+01
  0.16600679E+01  0.56075605E+01
  0.16771820E+01  0.55633478E+01
  0.16942962E+01  0.55362971E+01
  0.17114103E+01  0.55274508E+01
  0.17285244E+01  0.55354845E+01
  0.17456385E+01  0.55570851E+01
  0.17627526E+01  0.55883351E+01
  0.17798667E+01  0.56258045E+01
  0.17969808E+01  0.56668860E+01
  0.18140949E+01  0.57097164E+01
  0.18312090E+01  0.57529865E+01
  0.18483231E+01  0.57957696E+01
  0.18654372E+01  0.58373976E+01
  0.18825513E+01  0.58773789E+01
  0.18996654E+01  0.59153466E+01
  0.19167795E+01  0.59510265E+01
  0.19338936E+01  0.59842179E+01
  0.19510077E+01  0.60147828E+01
  0.19681218E+01  0.60426397E+01
  0.19852359E+01  0.60677597E+01
  0.20023500E+01  0.60901701E+01
  0.20194641E+01  0.61516032E+01
  0.20365782E+01  0.62140308E+01
  0.20536923E+01  0.62732196E+01
  0.20708064E+01  0.63291955E+01
  0.20879205E+01  0.63820112E+01
  0.21050346E+01  0.64317423E+01
  0.21221487E+01  0.64784825E+01
  0.21392628E+01  0.65223393E+01
  0.21563769E+01  0.65634285E+01
  0.21734910E+01  0.66018691E+01
  0.21906051E+01  0.66377791E+01
  0.22077192E+01  0.66712715E+01
  0.22248333E+01  0.67024515E+01
  0.22419474E+01  0.67314148E+01
  0.22590615E+01  0.67582467E+01
  0.22761756E+01  0.67830233E+01
  0.22932897E+01  0.68058121E+01
  0.23104038E+01  0.68266748E+01
  0.23275179E+01  0.68456700E+01
  0.23446320E+01  0.68628557E+01
  0.23617462E+01  0.68782922E+01
  0.23788603E+01  0.68920445E+01
  0.23959744E+01  0.69041833E+01
  0.24130885E+01  0.69147859E+01
  0.24302026E+01  0.69239356E+01
  0.24473167E+01  0.69317203E+01
  0.24644308E+01  0.69382299E+01
  0.24815449E+01  0.69435534E+01
  0.24986590E+01  0.69477752E+01
  0.25157731E+01  0.69509711E+01
  0.25328872E+01  0.69532047E+01
  0.25500013E+01  0.69545241E+01
  0.25671154E+01  0.69549594E+01
  0.25841515E+01  0.69633645E+01
  0.26011876E+01  0.69882355E+01
  0.26182236E+01  0.70286171E+01
  0.26352597E+01  0.70831371E+01
  0.26522958E+01  0.71502277E+01
  0.26693319E+01  0.72283062E+01
  0.26863680E+01  0.73158889E+01
  0.27034041E+01  0.74116477E+01
  0.27204402E+01  0.75144285E+01
  0.27374763E+01  0.76232491E+01
  0.27545123E+01  0.77372870E+01
  0.27715484E+01  0.78558632E+01
  0.27885845E+01  0.79784247E+01
  0.28056206E+01  0.81045259E+01
  0.28226567E+01  0.82338111E+01
  0.28396928E+01  0.83659956E+01
  0.28567289E+01  0.85008487E+01
  0.28737649E+01  0.86381766E+01
  0.28908010E+01  0.87778076E+01
  0.29078371E+01  0.89195797E+01
  0.29248732E+01  0.90633314E+01
  0.29419093E+01  0.92088953E+01
  0.29589454E+01  0.93560967E+01
  0.29759815E+01  0.95047538E+01
  0.29930176E+01  0.96546824E+01
  0.30100536E+01  0.98057017E+01
  0.30270897E+01  0.99576406E+01
  0.30441258E+01  0.10110345E+02
  0.30611619E+01  0.10263682E+02
  0.30781980E+01  0.10417543E+02
  0.30952341E+01  0.10571845E+02
  0.31122702E+01  0.10726524E+02
  0.31293062E+01  0.10881531E+02
  0.31463423E+01  0.11036825E+02
  0.31633784E+01  0.11192355E+02
  0.31804145E+01  0.11348059E+02
  0.31974506E+01  0.11503846E+02
  0.32144867E+01  0.11659591E+02
  0.32315228E+01  0.11815131E+02
  0.32485589E+01  0.11970264E+02
  0.32655949E+01  0.12124751E+02
  0.32826310E+01  0.12278326E+02
  0.32996671E+01  0.12430711E+02
  0.33167032E+01  0.12581626E+02
  0.33337393E+01  0.12730810E+02
  0.33507754E+01  0.12878038E+02
  0.33678115E+01  0.13023130E+02
  0.33848476E+01  0.13165969E+02
  0.34018836E+01  0.13306503E+02
  0.34189197E+01  0.13444745E+02
  0.34359558E+01  0.13580767E+02
  0.34529919E+01  0.13714688E+02
  0.34700280E+01  0.13846655E+02
  0.34870641E+01  0.13976826E+02
  0.35041002E+01  0.14105340E+02
  0.35211362E+01  0.14232304E+02
  0.35381723E+01  0.14357770E+02
  0.35552084E+01  0.14481720E+02
  0.35722445E+01  0.14604059E+02
  0.35892806E+01  0.14724618E+02
  0.36063167E+01  0.14843155E+02
  0.36233528E+01  0.14959375E+02
  0.36403889E+01  0.15072946E+02
  0.36574249E+01  0.15183526E+02
  0.36744610E+01  0.15290785E+02
  0.36914971E+01  0.15394434E+02
  0.37085332E+01  0.15494240E+02
  0.37255693E+01  0.15590042E+02
  0.37426054E+01  0.15681758E+02
  0.37596415E+01  0.15769377E+02
  0.37766775E+01  0.15852954E+02
  0.37937136E+01  0.15932584E+02
  0.38107497E+01  0.16008382E+02
  0.38277858E+01  0.16080450E+02
  0.38448219E+01  0.16148854E+02
  0.38618580E+01  0.16213595E+02
  0.38788941E+01  0.16274591E+02
  0.38959302E+01  0.16331662E+02
  0.39129662E+01  0.16384531E+02
  0.39300023E+01  0.16432829E+02
  0.39470384E+01  0.16476114E+02
  0.39640745E+01  0.16513899E+02
  0.39811106E+01  0.16545681E+02
  0.39981467E+01  0.16570984E+02
  0.40151828E+01  0.16589389E+02
  0.40322189E+01  0.16600571E+02
  0.40492549E+01  0.16604324E+02
  0.40661251E+01  0.16603952E+02
  0.40829952E+01  0.16602619E+02
  0.40998653E+01  0.16600336E+02
  0.41167355E+01  0.16597124E+02
  0.41336056E+01  0.16593012E+02
  0.41504757E+01  0.16588040E+02
  0.41673459E+01  0.16582253E+02
  0.41842160E+01  0.16575705E+02
  0.42010861E+01  0.16568457E+02
  0.42179563E+01  0.16560573E+02
  0.42348264E+01  0.16552122E+02
  0.42516965E+01  0.16543178E+02
  0.42685667E+01  0.16533816E+02
  0.42854368E+01  0.16524111E+02
  0.43023069E+01  0.16514139E+02
  0.43191771E+01  0.16503977E+02
  0.43360472E+01  0.16493695E+02
  0.43529173E+01  0.16483363E+02
  0.43697874E+01  0.16473048E+02
  0.43866576E+01  0.16462809E+02
  0.44035277E+01  0.16452704E+02
  0.44203978E+01  0.16442781E+02
  0.44372680E+01  0.16433087E+02
  0.44541381E+01  0.16423660E+02
  0.44710082E+01  0.16414540E+02
  0.44878784E+01  0.16405778E+02
  0.45047485E+01  0.16397527E+02
  0.45216186E+01  0.16392488E+02
  0.45387327E+01  0.16389615E+02
  0.45558468E+01  0.16381029E+02
  0.45729609E+01  0.16366751E+02
  0.45900750E+01  0.16346818E+02
  0.46071891E+01  0.16321278E+02
  0.46243033E+01  0.16290190E+02
  0.46414174E+01  0.16253625E+02
  0.46585315E+01  0.16211685E+02
  0.46756456E+01  0.16164867E+02
  0.46927597E+01  0.16113034E+02
  0.47098738E+01  0.16055914E+02
  0.47269879E+01  0.15993558E+02
  0.47441020E+01  0.15926048E+02
  0.47612161E+01  0.15853482E+02
  0.47783302E+01  0.15775976E+02
  0.47954443E+01  0.15693664E+02
  0.48125584E+01  0.15606698E+02
  0.48296725E+01  0.15515246E+02
  0.48467866E+01  0.15419494E+02
  0.48639007E+01  0.15319754E+02
  0.48810148E+01  0.15216451E+02
  0.48981289E+01  0.15109399E+02
  0.49152430E+01  0.14998745E+02
  0.49323571E+01  0.14884673E+02
  0.49494712E+01  0.14767373E+02
  0.49665853E+01  0.14647038E+02
  0.49836994E+01  0.14523860E+02
  0.50008135E+01  0.14398033E+02
  0.50179276E+01  0.14269836E+02
  0.50350417E+01  0.14139855E+02
  0.50521558E+01  0.14007866E+02
  0.50692699E+01  0.13873923E+02
  0.50863840E+01  0.13738127E+02
  0.51034981E+01  0.13600571E+02
  0.51206122E+01  0.13461341E+02
  0.51377263E+01  0.13320521E+02
  0.51548404E+01  0.13178196E+02
  0.51719545E+01  0.13034450E+02
  0.51890686E+01  0.12889377E+02
  0.52061827E+01  0.12743075E+02
  0.52232968E+01  0.12595650E+02
  0.52404109E+01  0.12447218E+02
  0.52575250E+01  0.12297901E+02
  0.52746391E+01  0.12147826E+02
  0.52917533E+01  0.11997127E+02
  0.53088674E+01  0.11845936E+02
  0.53259815E+01  0.11694385E+02
  0.53430956E+01  0.11542601E+02
  0.53602097E+01  0.11390704E+02
  0.53773238E+01  0.11238806E+02
  0.53944379E+01  0.11087004E+02
  0.54115520E+01  0.10935388E+02
  0.54286661E+01  0.10784033E+02
  0.54457802E+01  0.10633004E+02
  0.54628943E+01  0.10482353E+02
  0.54800084E+01  0.10332128E+02
  0.54971225E+01  0.10182368E+02
  0.55142366E+01  0.10033109E+02
  0.55313507E+01  0.98843871E+01
  0.55484648E+01  0.97362375E+01
  0.55655789E+01  0.95886997E+01
  0.55826930E+01  0.94418172E+01
  0.55998071E+01  0.92956382E+01
  0.56169212E+01  0.91502155E+01
  0.56340353E+01  0.90056065E+01
  0.56511494E+01  0.88618711E+01
  0.56682635E+01  0.87190709E+01
  0.56853776E+01  0.85772669E+01
  0.57024917E+01  0.84365175E+01
  0.57196058E+01  0.82968773E+01
  0.57367199E+01  0.81583948E+01
  0.57538340E+01  0.80211119E+01
  0.57709481E+01  0.78850633E+01
  0.57880622E+01  0.77502764E+01
  0.58051763E+01  0.76167718E+01
  0.58222904E+01  0.74845646E+01
  0.58394045E+01  0.73536660E+01
  0.58565186E+01  0.72240851E+01
  0.58736327E+01  0.70958302E+01
  0.58907468E+01  0.69689117E+01
  0.59078609E+01  0.68433426E+01
  0.59249750E+01  0.67191406E+01
  0.59420891E+01  0.65963281E+01
  0.59592032E+01  0.64749329E+01
  0.59763174E+01  0.63549878E+01
  0.59934315E+01  0.62365295E+01
  0.60105456E+01  0.61195976E+01
  0.60276597E+01  0.60042327E+01
  0.60447738E+01  0.58904751E+01
  0.60618879E+01  0.57783627E+01
  0.60790020E+01  0.56679293E+01
  0.60961161E+01  0.55592037E+01
  0.61132302E+01  0.54522087E+01
  0.61303443E+01  0.53469618E+01
  0.61474584E+01  0.52434808E+01
  0.61645725E+01  0.51418933E+01
  0.61816866E+01  0.50422958E+01
  0.61988007E+01  0.49445041E+01
  0.62159148E+01  0.48485737E+01
  0.62330289E+01  0.47616379E+01
  0.62501430E+01  0.48467928E+01
  0.62672571E+01  0.49370863E+01
  0.62843712E+01  0.50252970E+01
  0.63014853E+01  0.51112901E+01
  0.63185994E+01  0.51949934E+01
  0.63357135E+01  0.52763394E+01
  0.63528276E+01  0.53552555E+01
  0.63699417E+01  0.54316601E+01
  0.63870558E+01  0.55055026E+01
  0.64041699E+01  0.55768563E+01
  0.64212840E+01  0.56454268E+01
  0.64383981E+01  0.57111049E+01
  0.64555122E+01  0.57737940E+01
  0.64726263E+01  0.58334073E+01
  0.64897404E+01  0.58898733E+01
  0.65068545E+01  0.59431402E+01
  0.65239686E+01  0.59931798E+01
  0.65410827E+01  0.60399900E+01
  0.65581968E+01  0.60835956E+01
  0.65753109E+01  0.61240475E+01
  0.65924250E+01  0.61614205E+01
  0.66095391E+01  0.61958087E+01
  0.66266532E+01  0.62273205E+01
  0.66437674E+01  0.62560726E+01
  0.66608815E+01  0.62821837E+01
  0.66779956E+01  0.63057681E+01
  0.66951097E+01  0.63269311E+01
  0.67122238E+01  0.63457652E+01
  0.67293379E+01  0.63623483E+01
  0.67464520E+01  0.63767437E+01
  0.67635661E+01  0.63890030E+01
  0.67806802E+01  0.63991700E+01
  0.67977943E+01  0.64072873E+01
  0.68149084E+01  0.64134030E+01
  0.68320225E+01  0.64175791E+01
  0.68491366E+01  0.64198989E+01
  0.68662507E+01  0.64204740E+01
  0.68833648E+01  0.64194493E+01
  0.69004789E+01  0.64170060E+01
  0.69175930E+01  0.64133620E+01
  0.69347071E+01  0.64087691E+01
  0.69518212E+01  0.64035074E+01
  0.69689353E+01  0.63978767E+01
  0.69860494E+01  0.63921862E+01
  0.70031635E+01  0.63867414E+01
  0.70202776E+01  0.63818314E+01
  0.70373917E+01  0.63777151E+01
  0.70545058E+01  0.63746091E+01
  0.70716199E+01  0.63726768E+01
  0.70887340E+01  0.63720204E+01
  0.71057701E+01  0.63819415E+01
  0.71228062E+01  0.64063808E+01
  0.71398423E+01  0.64445222E+01
  0.71568784E+01  0.64956451E+01
  0.71739145E+01  0.65588644E+01
  0.71909505E+01  0.66331879E+01
  0.72079866E+01  0.67175756E+01
  0.72250227E+01  0.68109905E+01
  0.72420588E+01  0.69124386E+01
  0.72590949E+01  0.70209961E+01
  0.72761310E+01  0.71358256E+01
  0.72931671E+01  0.72561837E+01
  0.73102031E+01  0.73814231E+01
  0.73272392E+01  0.75109937E+01
  0.73442753E+01  0.76444519E+01
  0.73613114E+01  0.77815242E+01
  0.73783475E+01  0.79224808E+01
  0.73953836E+01  0.80685529E+01
  0.74124197E+01  0.82187351E+01
  0.74294558E+01  0.83714525E+01
  0.74464918E+01  0.85261124E+01
  0.74635279E+01  0.86823985E+01
  0.74805640E+01  0.88400850E+01
  0.74976001E+01  0.89989931E+01
  0.75146362E+01  0.91589732E+01
  0.75316723E+01  0.93198930E+01
  0.75487084E+01  0.94816289E+01
  0.75657445E+01  0.96440578E+01
  0.75827805E+01  0.98070519E+01
  0.75998166E+01  0.99704747E+01
  0.76168527E+01  0.10134180E+02
  0.76338888E+01  0.10298014E+02
  0.76509249E+01  0.10461814E+02
  0.76679610E+01  0.10625418E+02
  0.76849971E+01  0.10788670E+02
  0.77020331E+01  0.10951424E+02
  0.77190692E+01  0.11113552E+02
  0.77361053E+01  0.11274948E+02
  0.77531414E+01  0.11435537E+02
  0.77701775E+01  0.11595268E+02
  0.77872136E+01  0.11754120E+02
  0.78042497E+01  0.11912096E+02
  0.78212858E+01  0.12069216E+02
  0.78383218E+01  0.12225508E+02
  0.78553579E+01  0.12380998E+02
  0.78723940E+01  0.12535702E+02
  0.78894301E+01  0.12689611E+02
  0.79064662E+01  0.12842686E+02
  0.79235023E+01  0.12994853E+02
  0.79405384E+01  0.13146002E+02
  0.79575744E+01  0.13295987E+02
  0.79746105E+01  0.13444622E+02
  0.79916466E+01  0.13591686E+02
  0.80086827E+01  0.13736920E+02
  0.80257188E+01  0.13880042E+02
  0.80427549E+01  0.14020760E+02
  0.80597910E+01  0.14158783E+02
  0.80768271E+01  0.14293838E+02
  0.80938631E+01  0.14425673E+02
  0.81108992E+01  0.14554071E+02
  0.81279353E+01  0.14678850E+02
  0.81449714E+01  0.14799864E+02
  0.81620075E+01  0.14917001E+02
  0.81790436E+01  0.15030182E+02
  0.81960797E+01  0.15139348E+02
  0.82131158E+01  0.15244458E+02
  0.82301518E+01  0.15345476E+02
  0.82471879E+01  0.15442364E+02
  0.82642240E+01  0.15535079E+02
  0.82812601E+01  0.15623560E+02
  0.82982962E+01  0.15707734E+02
  0.83153323E+01  0.15787510E+02
  0.83323684E+01  0.15862782E+02
  0.83494044E+01  0.15933436E+02
  0.83664405E+01  0.15999351E+02
  0.83834766E+01  0.16060406E+02
  0.84005127E+01  0.16116485E+02
  0.84175488E+01  0.16167493E+02
  0.84345849E+01  0.16213488E+02
  0.84516210E+01  0.16254866E+02
  0.84686571E+01  0.16291066E+02
  0.84856931E+01  0.16321871E+02
  0.85027292E+01  0.16347191E+02
  0.85197653E+01  0.16366958E+02
  0.85368014E+01  0.16381120E+02
  0.85538375E+01  0.16389637E+02
  0.85708736E+01  0.16392488E+02
  
