0.0
0.017116241642032917
0.034232483284065834
0.05134872492609875
0.06846496656813167
0.08558120821016459
0.1026974498521975
0.11981369149423042
0.13692993313626334
0.15404617477829624
0.17116241642032917
0.1882786580623621
0.205394899704395
0.2225111413464279
0.23962738298846084
0.25674362463049377
0.2738598662725267
0.2909761079145596
0.3080923495565925
0.32520859119862544
0.34232483284065834
0.35944107448269125
0.3765573161247242
0.3936735577667571
0.41078979940879
0.4279060410508229
0.4450222826928558
0.4621385243348888
0.4792547659769217
0.4963710076189546
0.5134872492609875
0.5306034909030204
0.5477197325450534
0.5648359741870863
0.5819522158291192
0.5990684574711521
0.616184699113185
0.6333009407552179
0.6504171823972509
0.6675334240392837
0.6846496656813167
0.7017659073233496
0.7188821489653825
0.7359983906074155
0.7531146322494484
0.7702308738914813
0.7873471155335142
0.8044633571755471
0.82157959881758
0.838695840459613
0.8558120821016458
0.8729283237436788
0.8900445653857116
0.9071608070277446
0.9242770486697776
0.9413932903118104
0.9585095319538434
0.9756257735958763
0.9927420152379092
1.0098582568799421
1.026974498521975
1.044090740164008
1.0612069818060408
1.0783232234480737
1.0954394650901067
1.1125557067321397
1.1296719483741726
1.1467881900162054
1.1639044316582383
1.1810206733002713
1.1981369149423042
1.2152531565843372
1.23236939822637
1.2494856398684029
1.2666018815104358
1.2837181231524688
1.3008343647945018
1.3179506064365347
1.3350668480785675
1.3521830897206004
1.3692993313626334
1.3864155730046663
1.4035318146466993
1.420648056288732
1.437764297930765
1.454880539572798
1.471996781214831
1.4891130228568639
1.5062292644988968
1.5233455061409296
1.5404617477829625
1.5575779894249955
1.5746942310670284
1.5918104727090614
1.6089267143510941
1.626042955993127
1.64315919763516
1.660275439277193
1.677391680919226
1.6945079225612587
1.7116241642032919
1.7287404058453248
1.7458566474873578
1.7629728891293905
1.7800891307714235
1.7972053724134565
1.8143216140554894
1.8314378556975224
1.8485540973395551
1.865670338981588
1.882786580623621
1.899902822265654
1.917019063907687
1.9341353055497197
1.9512515471917526
1.9683677888337856
1.9854840304758186
2.0026002721178515
2.0197165137598843
2.0368327554019174
2.05394899704395
2.071065238685983
2.088181480328016
2.105297721970049
2.1224139636120816
2.1395302052541147
2.1566464468961475
2.1737626885381807
2.1908789301802134
2.2079951718222466
2.2251114134642793
2.242227655106312
2.2593438967483452
2.276460138390378
2.2935763800324107
2.310692621674444
2.3278088633164766
2.34492510495851
2.3620413466005425
2.3791575882425757
2.3962738298846085
2.413390071526641
2.4305063131686744
2.447622554810707
2.46473879645274
2.481855038094773
2.4989712797368058
2.516087521378839
2.5332037630208717
2.550320004662905
2.5674362463049376
2.5844742923731143
2.6015123384412906
2.6185503845094673
2.6355884305776436
2.6526264766458203
2.669664522713997
2.6867025687821733
2.70374061485035
2.7207786609185263
2.737816706986703
2.7548547530548797
2.771892799123056
2.7889308451912327
2.805968891259409
2.8230069373275857
2.840044983395762
2.8570830294639387
2.8741210755321154
2.8911591216002916
2.9081971676684684
2.925235213736645
2.9422732598048214
2.959311305872998
2.9763493519411743
2.993387398009351
3.0104254440775273
3.027463490145704
3.0445015362138808
3.061539582282057
3.0785776283502337
3.0956156744184105
3.1126537204865867
3.129691766554763
3.1467298126229397
3.1637678586911164
3.1808059047592927
3.1978439508274694
3.214881996895646
3.2319200429638224
3.248958089031999
3.2659961351001754
3.283034181168352
3.3000722272365284
3.317110273304705
3.334148319372882
3.351186365441058
3.368224411509235
3.3852624575774115
3.402300503645588
3.4193385497137645
3.4363765957819408
3.4534146418501175
3.4704526879182938
3.4874907339864705
3.504528780054647
3.5215668261228235
3.538604872191
3.555642918259177
3.572680964327353
3.5897190103955294
3.606757056463706
3.623795102531883
3.640833148600059
3.657871194668236
3.6749092407364126
3.691947286804589
3.7089853328727656
3.7260233789409423
3.7430614250091185
3.760099471077295
3.7771375171454715
3.7941755632136482
3.8112136092818245
3.8282516553500012
3.845289701418178
3.862327747486354
3.8793657935545305
3.8964038396227076
3.913441885690884
3.93047993175906
3.947517977827237
3.9645560238954136
3.98159406996359
3.9986321160317666
4.015670162099943
4.03270820816812
4.049746254236296
